1 2051 2054 4108 4120 6148 8240 8288 12304 14336 16576 16768 24640 26624 33536 34304 49408 51200 66561 67585 99328 165888 198656 229376
1 2051 2054 4108 4120 6148 8240 8288 12304 14336 16576 16768 24640 26624 33536 34304 49408 51200 66561 99328 100352 133121 196609 198656
1 2051 2054 4108 4120 6148 8240 8288 12304 14336 16576 16768 24640 26624 33536 34304 49408 51200 66561 99328 133121 165888 196609 229376
1 2051 2054 4108 4120 6148 8240 8288 12304 14336 16576 16768 24640 26624 33536 34304 49408 51200 67585 99328 100352 132097 196609 197632
1 2051 2054 4108 4120 6148 8240 8288 12304 14336 16576 16768 24640 26624 33536 34304 49408 51200 99328 100352 132097 133121 197632 198656
1 2051 2054 4108 4120 6148 8240 8288 12304 14336 16576 16768 24640 26624 33536 34304 49408 51200 99328 132097 133121 165888 197632 229376
1 2051 2054 4108 4120 6148 8240 8288 12304 14336 16576 16768 24640 26624 33536 34304 51200 82176 98560 114688 132097 133121 164864 165888
1 2051 2054 4108 4120 6148 8240 8288 12304 14336 16576 16768 24640 26624 33536 49408 51200 66561 67072 67585 98816 165888 198656 229376
1 2051 2054 4108 4120 6148 8240 8288 12304 14336 16576 16768 24640 26624 33536 49408 51200 66561 67072 98816 100352 133121 196609 198656
1 2051 2054 4108 4120 6148 8240 8288 12304 14336 16576 16768 24640 26624 33536 49408 51200 66561 67072 98816 133121 165888 196609 229376
1 2051 2054 4108 4120 6148 8240 8288 12304 14336 16576 16768 24640 26624 33536 49408 51200 66561 67585 98816 100352 132608 197120 197632
1 2051 2054 4108 4120 6148 8240 8288 12304 14336 16576 16768 24640 26624 33536 49408 51200 67072 67585 98816 100352 132097 196609 197632
1 2051 2054 4108 4120 6148 8240 8288 12304 14336 16576 16768 24640 26624 33536 49408 51200 67072 98816 99328 132097 133121 164864 165888
1 2051 2054 4108 4120 6148 8240 8288 12304 14336 16576 16768 24640 26624 33536 49408 51200 67072 98816 100352 132097 133121 197632 198656
1 2051 2054 4108 4120 6148 8240 8288 12304 14336 16576 16768 24640 26624 33536 49408 51200 67072 98816 132097 133121 165888 197632 229376
1 2051 2054 4108 4120 6148 8240 8288 12304 14336 16576 16768 24640 26624 33536 49408 51200 67585 98816 100352 132097 132608 196609 197120
1 2051 2054 4108 4120 6148 8240 8288 12304 14336 16576 16768 24640 26624 33536 49408 51200 98816 100352 132097 132608 133121 197120 198656
1 2051 2054 4108 4120 6148 8240 8288 12304 14336 16576 16768 24640 26624 33536 49408 51200 98816 132097 132608 133121 165888 197120 229376
1 2051 2054 4108 4120 6148 8240 8288 12304 14336 16576 16768 24640 26624 33536 51200 82176 98560 114688 132097 132608 133121 164352 165888
1 2051 2054 4108 4120 6148 8240 8288 12304 14336 16576 16768 24640 26624 33793 34304 34817 51200 66304 82176 114688 164352 197120 229376
1 2051 2054 4108 4120 6148 8240 8288 12304 14336 16576 16768 24640 26624 33793 34304 34817 51200 66304 98816 114688 147712 196864 212992
1 2051 2054 4108 4120 6148 8240 8288 12304 14336 16576 16768 24640 26624 33793 34304 34817 51200 82176 98816 114688 131840 196864 197120
1 2051 2054 4108 4120 6148 8240 8288 12304 14336 16576 16768 24640 26624 33793 34304 34817 51200 82176 114688 131840 164352 196864 229376
1 2051 2054 4108 4120 6148 8240 8288 12304 14336 16576 16768 24640 26624 33793 34304 34817 51200 98816 114688 131840 147712 197120 212992
1 2051 2054 4108 4120 6148 8240 8288 12304 14336 16576 16768 24640 26624 33793 34304 34817 51200 114688 131840 147712 164352 212992 229376
1 2051 2054 4108 4120 6148 8240 8288 12304 14336 16576 16768 24640 26624 33793 34304 51200 66304 82176 98816 114688 133121 163841 165888
1 2051 2054 4108 4120 6148 8240 8288 12304 14336 16576 16768 24640 26624 33793 34817 51200 66304 67072 82176 114688 164864 197632 229376
1 2051 2054 4108 4120 6148 8240 8288 12304 14336 16576 16768 24640 26624 33793 34817 51200 66304 67072 99328 114688 147712 196864 212992
1 2051 2054 4108 4120 6148 8240 8288 12304 14336 16576 16768 24640 26624 33793 34817 51200 66304 82176 98816 114688 132608 164352 164864
1 2051 2054 4108 4120 6148 8240 8288 12304 14336 16576 16768 24640 26624 33793 34817 51200 66304 82176 99328 114688 132608 197120 197632
1 2051 2054 4108 4120 6148 8240 8288 12304 14336 16576 16768 24640 26624 33793 34817 51200 66304 82176 114688 132608 164864 197120 229376
1 2051 2054 4108 4120 6148 8240 8288 12304 14336 16576 16768 24640 26624 33793 34817 51200 67072 82176 99328 114688 131840 196864 197120
1 2051 2054 4108 4120 6148 8240 8288 12304 14336 16576 16768 24640 26624 33793 34817 51200 67072 99328 114688 131840 147712 197120 212992
1 2051 2054 4108 4120 6148 8240 8288 12304 14336 16576 16768 24640 26624 33793 34817 51200 82176 99328 114688 131840 132608 196864 197632
1 2051 2054 4108 4120 6148 8240 8288 12304 14336 16576 16768 24640 26624 33793 34817 51200 82176 114688 131840 132608 164864 196864 229376
1 2051 2054 4108 4120 6148 8240 8288 12304 14336 16576 16768 24640 26624 33793 34817 51200 99328 114688 131840 132608 147712 197632 212992
1 2051 2054 4108 4120 6148 8240 8288 12304 14336 16576 16768 24640 26624 33793 34817 51200 114688 131840 132608 147712 164864 212992 229376
1 2051 2054 4108 4120 6148 8240 8288 12304 14336 16576 16768 24640 26624 33793 51200 66304 67072 82176 99328 114688 133121 163841 165888
1 2051 2054 4108 4120 6148 8240 8288 12304 14336 16576 16768 24640 26624 34304 34817 51200 66304 82176 98816 114688 132097 163841 164864
1 2051 2054 4108 4120 6148 8240 8288 12304 14336 16576 16768 24640 26624 34304 49408 51200 66304 98560 98816 132097 133121 164864 165888
1 2051 2054 4108 4120 6148 8240 8288 12304 14336 16576 16768 24640 26624 34304 51200 66304 82176 98816 114688 132097 133121 164864 165888
1 2051 2054 4108 4120 6148 8240 8288 12304 14336 16576 16768 24640 26624 34817 51200 66304 67072 82176 99328 114688 132097 163841 164864
1 2051 2054 4108 4120 6148 8240 8288 12304 14336 16576 16768 24640 26624 34817 51200 66304 67072 82176 114688 132097 163841 197632 229376
1 2051 2054 4108 4120 6148 8240 8288 12304 14336 16576 16768 24640 26624 34817 51200 66304 82176 98816 114688 132097 132608 163841 164352
1 2051 2054 4108 4120 6148 8240 8288 12304 14336 16576 16768 24640 26624 34817 51200 66304 82176 114688 132097 132608 163841 197120 229376
1 2051 2054 4108 4120 6148 8240 8288 12304 14336 16576 16768 24640 26624 34817 51200 66561 67072 98305 114688 131840 147712 197120 212992
1 2051 2054 4108 4120 6148 8240 8288 12304 14336 16576 16768 24640 26624 34817 51200 66561 98305 114688 131840 132608 147712 197632 212992
1 2051 2054 4108 4120 6148 8240 8288 12304 14336 16576 16768 24640 26624 49408 51200 66304 67072 98560 99328 132097 133121 164864 165888
1 2051 2054 4108 4120 6148 8240 8288 12304 14336 16576 16768 24640 26624 49408 51200 66304 67072 98560 100352 132097 133121 197632 198656
1 2051 2054 4108 4120 6148 8240 8288 12304 14336 16576 16768 24640 26624 49408 51200 66304 67072 98560 132097 133121 165888 197632 229376
1 2051 2054 4108 4120 6148 8240 8288 12304 14336 16576 16768 24640 26624 49408 51200 66304 98560 98816 132097 132608 133121 164352 165888
1 2051 2054 4108 4120 6148 8240 8288 12304 14336 16576 16768 24640 26624 49408 51200 66304 98560 100352 132097 132608 133121 197120 198656
1 2051 2054 4108 4120 6148 8240 8288 12304 14336 16576 16768 24640 26624 49408 51200 66304 98560 132097 132608 133121 165888 197120 229376
1 2051 2054 4108 4120 6148 8240 8288 12304 14336 16576 16768 24640 26624 51200 66304 67072 82176 99328 114688 132097 133121 164864 165888
1 2051 2054 4108 4120 6148 8240 8288 12304 14336 16576 16768 24640 26624 51200 66304 67072 82176 100352 114688 132097 133121 197632 198656
1 2051 2054 4108 4120 6148 8240 8288 12304 14336 16576 16768 24640 26624 51200 66304 67072 82176 114688 132097 133121 165888 197632 229376
1 2051 2054 4108 4120 6148 8240 8288 12304 14336 16576 16768 24640 26624 51200 66304 82176 98816 114688 132097 132608 133121 164352 165888
1 2051 2054 4108 4120 6148 8240 8288 12304 14336 16576 16768 24640 26624 51200 66304 82176 100352 114688 132097 132608 133121 197120 198656
1 2051 2054 4108 4120 6148 8240 8288 12304 14336 16576 16768 24640 26624 51200 66304 82176 114688 132097 132608 133121 165888 197120 229376
1 2051 2054 4108 4120 6148 8240 8288 12304 14336 16576 16768 24640 26624 51200 66561 67072 67585 100352 114688 131840 147712 197120 212992
1 2051 2054 4108 4120 6148 8240 8288 12304 14336 16576 16768 24640 26624 51200 66561 67585 100352 114688 131840 132608 147712 197632 212992
1 2051 2054 4108 4120 6148 8240 8288 12304 14336 16576 16768 26624 33536 34304 49408 51200 66561 67585 99328 100352 139328 147520 155648
1 2051 2054 4108 4120 6148 8240 8288 12304 14336 16576 16768 26624 33536 49408 51200 66561 67072 67585 98816 100352 139328 147520 155648
1 2051 2054 4108 4120 6148 8240 8288 12304 14336 16576 16768 26624 33793 34304 34817 51200 66304 82176 98816 114688 139328 147520 155648
1 2051 2054 4108 4120 6148 8240 8288 12304 14336 16576 16768 26624 33793 34817 51200 66304 67072 82176 99328 114688 139328 147520 155648
1 2051 2054 4108 4120 6148 8240 8288 12304 14336 16576 24640 26624 33152 33536 49280 51200 66561 67072 67585 98816 165888 198656 229376
1 2051 2054 4108 4120 6148 8240 8288 12304 14336 16576 24640 26624 33152 33536 49280 51200 66561 67072 98816 100352 133121 196609 198656
1 2051 2054 4108 4120 6148 8240 8288 12304 14336 16576 24640 26624 33152 33536 49280 51200 66561 67072 98816 133121 165888 196609 229376
1 2051 2054 4108 4120 6148 8240 8288 12304 14336 16576 24640 26624 33152 33536 49280 51200 66561 67585 98816 100352 132608 197120 197632
1 2051 2054 4108 4120 6148 8240 8288 12304 14336 16576 24640 26624 33152 33536 49280 51200 67072 67585 98816 100352 132097 196609 197632
1 2051 2054 4108 4120 6148 8240 8288 12304 14336 16576 24640 26624 33152 33536 49280 51200 67072 98816 100352 132097 133121 197632 198656
1 2051 2054 4108 4120 6148 8240 8288 12304 14336 16576 24640 26624 33152 33536 49280 51200 67072 98816 132097 133121 165888 197632 229376
1 2051 2054 4108 4120 6148 8240 8288 12304 14336 16576 24640 26624 33152 33536 49280 51200 67585 98816 100352 132097 132608 196609 197120
1 2051 2054 4108 4120 6148 8240 8288 12304 14336 16576 24640 26624 33152 33536 49280 51200 98816 100352 132097 132608 133121 197120 198656
1 2051 2054 4108 4120 6148 8240 8288 12304 14336 16576 24640 26624 33152 33536 49280 51200 98816 132097 132608 133121 165888 197120 229376
1 2051 2054 4108 4120 6148 8240 8288 12304 14336 16576 24640 26624 33152 33536 51200 82048 98432 114688 132097 132608 133121 164352 165888
1 2051 2054 4108 4120 6148 8240 8288 12304 14336 16576 24640 26624 33152 49280 51200 66304 67072 98560 100352 132097 133121 197632 198656
1 2051 2054 4108 4120 6148 8240 8288 12304 14336 16576 24640 26624 33152 49280 51200 66304 67072 98560 132097 133121 165888 197632 229376
1 2051 2054 4108 4120 6148 8240 8288 12304 14336 16576 24640 26624 33152 49280 51200 66304 98560 98816 132097 132608 133121 164352 165888
1 2051 2054 4108 4120 6148 8240 8288 12304 14336 16576 24640 26624 33152 49280 51200 66304 98560 100352 132097 132608 133121 197120 198656
1 2051 2054 4108 4120 6148 8240 8288 12304 14336 16576 24640 26624 33152 49280 51200 66304 98560 132097 132608 133121 165888 197120 229376
1 2051 2054 4108 4120 6148 8240 8288 12304 14336 16576 24640 26624 33536 34304 49408 51200 66561 67585 99328 100352 131456 147584 147712
1 2051 2054 4108 4120 6148 8240 8288 12304 14336 16576 24640 26624 33536 34304 51200 65920 82048 98560 114688 132097 133121 164864 165888
1 2051 2054 4108 4120 6148 8240 8288 12304 14336 16576 24640 26624 33536 49280 51200 65920 98432 98560 132097 132608 133121 164352 165888
1 2051 2054 4108 4120 6148 8240 8288 12304 14336 16576 24640 26624 33536 49408 51200 66561 67072 67585 98816 100352 131456 147584 147712
1 2051 2054 4108 4120 6148 8240 8288 12304 14336 16576 24640 26624 33536 51200 65920 82048 98560 114688 132097 132608 133121 164352 165888
1 2051 2054 4108 4120 6148 8240 8288 12304 14336 16576 24640 26624 33793 34304 34817 51200 65920 66304 82048 114688 164352 197120 229376
1 2051 2054 4108 4120 6148 8240 8288 12304 14336 16576 24640 26624 33793 34304 34817 51200 65920 66304 98816 114688 147584 196736 212992
1 2051 2054 4108 4120 6148 8240 8288 12304 14336 16576 24640 26624 33793 34304 34817 51200 65920 82048 98816 114688 131840 196864 197120
1 2051 2054 4108 4120 6148 8240 8288 12304 14336 16576 24640 26624 33793 34304 34817 51200 65920 82048 114688 131840 164352 196864 229376
1 2051 2054 4108 4120 6148 8240 8288 12304 14336 16576 24640 26624 33793 34304 34817 51200 66304 82048 98816 114688 131456 196736 196864
1 2051 2054 4108 4120 6148 8240 8288 12304 14336 16576 24640 26624 33793 34304 34817 51200 66304 82176 98816 114688 131456 147584 147712
1 2051 2054 4108 4120 6148 8240 8288 12304 14336 16576 24640 26624 33793 34304 34817 51200 66304 98816 114688 131456 147584 196864 212992
1 2051 2054 4108 4120 6148 8240 8288 12304 14336 16576 24640 26624 33793 34304 34817 51200 82048 98816 114688 131456 131840 196736 197120
1 2051 2054 4108 4120 6148 8240 8288 12304 14336 16576 24640 26624 33793 34304 34817 51200 82048 114688 131456 131840 164352 196736 229376
1 2051 2054 4108 4120 6148 8240 8288 12304 14336 16576 24640 26624 33793 34304 34817 51200 98816 114688 131456 131840 147584 197120 212992
1 2051 2054 4108 4120 6148 8240 8288 12304 14336 16576 24640 26624 33793 34304 34817 51200 114688 131456 131840 147584 164352 212992 229376
1 2051 2054 4108 4120 6148 8240 8288 12304 14336 16576 24640 26624 33793 34304 51200 65920 66304 82048 98816 114688 133121 163841 165888
1 2051 2054 4108 4120 6148 8240 8288 12304 14336 16576 24640 26624 33793 34817 51200 65920 66304 82048 98816 114688 132608 164352 164864
1 2051 2054 4108 4120 6148 8240 8288 12304 14336 16576 24640 26624 33793 34817 51200 65920 66304 82048 114688 132608 164864 197120 229376
1 2051 2054 4108 4120 6148 8240 8288 12304 14336 16576 24640 26624 33793 34817 51200 65920 82048 114688 131840 132608 164864 196864 229376
1 2051 2054 4108 4120 6148 8240 8288 12304 14336 16576 24640 26624 33793 34817 51200 66304 67072 82176 99328 114688 131456 147584 147712
1 2051 2054 4108 4120 6148 8240 8288 12304 14336 16576 24640 26624 33793 34817 51200 66304 67072 99328 114688 131456 147584 196864 212992
1 2051 2054 4108 4120 6148 8240 8288 12304 14336 16576 24640 26624 33793 34817 51200 67072 99328 114688 131456 131840 147584 197120 212992
1 2051 2054 4108 4120 6148 8240 8288 12304 14336 16576 24640 26624 34304 34817 51200 65920 66304 82048 98816 114688 132097 163841 164864
1 2051 2054 4108 4120 6148 8240 8288 12304 14336 16576 24640 26624 34304 51200 65920 66304 82048 98816 114688 132097 133121 164864 165888
1 2051 2054 4108 4120 6148 8240 8288 12304 14336 16576 24640 26624 34817 51200 65920 66304 82048 98816 114688 132097 132608 163841 164352
1 2051 2054 4108 4120 6148 8240 8288 12304 14336 16576 24640 26624 34817 51200 65920 66304 82048 114688 132097 132608 163841 197120 229376
1 2051 2054 4108 4120 6148 8240 8288 12304 14336 16576 24640 26624 34817 51200 66561 67072 98305 114688 131456 131840 147584 197120 212992
1 2051 2054 4108 4120 6148 8240 8288 12304 14336 16576 24640 26624 49280 51200 65920 66304 98432 98816 132097 132608 133121 164352 165888
1 2051 2054 4108 4120 6148 8240 8288 12304 14336 16576 24640 26624 49280 51200 65920 66304 98432 100352 132097 132608 133121 197120 198656
1 2051 2054 4108 4120 6148 8240 8288 12304 14336 16576 24640 26624 49280 51200 65920 66304 98432 132097 132608 133121 165888 197120 229376
1 2051 2054 4108 4120 6148 8240 8288 12304 14336 16576 24640 26624 51200 65920 66304 82048 98816 114688 132097 132608 133121 164352 165888
1 2051 2054 4108 4120 6148 8240 8288 12304 14336 16576 24640 26624 51200 65920 66304 82048 100352 114688 132097 132608 133121 197120 198656
1 2051 2054 4108 4120 6148 8240 8288 12304 14336 16576 24640 26624 51200 65920 66304 82048 114688 132097 132608 133121 165888 197120 229376
1 2051 2054 4108 4120 6148 8240 8288 12304 14336 16576 24640 26624 51200 66561 67072 67585 100352 114688 131456 131840 147584 197120 212992
1 2051 2054 4108 4120 6148 8240 8288 12304 14336 16576 26624 33793 34304 34817 51200 65920 66304 82048 98816 114688 139328 147520 155648
2 2051 2054 4108 4120 6148 8240 8288 12304 14336 16768 17152 26624 33793 34304 34817 49664 51200 65728 73792 82048 155648 204800 212992
1 2051 2054 4108 4120 6148 8240 8288 12304 14336 16768 17152 26624 33793 34304 34817 49664 51200 65728 82048 90112 139328 196672 204800
1 2051 2054 4108 4120 6148 8240 8288 12304 14336 16768 17152 26624 33793 34304 34817 49664 51200 65728 82048 139328 155648 196672 212992
2 2051 2054 4108 4120 6148 8240 8288 12304 14336 16768 17152 26624 33793 34304 34817 49664 51200 73792 82048 90112 131264 196672 196736
1 2051 2054 4108 4120 6148 8240 8288 12304 14336 16768 17152 26624 33793 34304 34817 51200 82432 98816 114688 131264 139328 147584 155648
1 2051 2054 4108 4120 6148 8240 8288 12304 14336 16768 17152 26624 33793 34304 49664 51200 67585 98305 100352 131264 139328 147584 155648
1 2051 2054 4108 4120 6148 8240 8288 12304 14336 16768 17152 26624 33793 34817 49664 51200 67072 98816 99328 131264 139328 147584 155648
1 2051 2054 4108 4120 6148 8240 8288 12304 14336 16768 17152 26624 33793 34817 51200 67072 82432 99328 114688 131264 139328 147584 155648
1 2051 2054 4108 4120 6148 8240 8288 12304 14336 16768 17152 26624 34304 34817 49664 51200 66561 98305 99328 131264 139328 147584 155648
1 2051 2054 4108 4120 6148 8240 8288 12304 14336 16768 17152 26624 34304 49664 51200 66561 67585 99328 100352 131264 139328 147584 155648
1 2051 2054 4108 4120 6148 8240 8288 12304 14336 16768 17152 26624 34817 49664 51200 66561 67072 98305 98816 131264 139328 147584 155648
1 2051 2054 4108 4120 6148 8240 8288 12304 14336 16768 17152 26624 34817 51200 66561 67072 82432 98305 114688 131264 139328 147584 155648
1 2051 2054 4108 4120 6148 8240 8288 12304 14336 16768 17152 26624 49664 51200 66561 67072 67585 98816 100352 131264 139328 147584 155648
1 2051 2054 4108 4120 6148 8240 8288 12304 14336 16768 17152 26624 51200 66561 67072 67585 82432 100352 114688 131264 139328 147584 155648
1 2051 2054 4108 4120 6148 8240 8288 12304 14336 16768 24640 26624 33536 34304 49408 51200 66561 67585 99328 100352 131264 147520 147584
1 2051 2054 4108 4120 6148 8240 8288 12304 14336 16768 24640 26624 33536 49408 51200 66561 67072 67585 98816 100352 131264 147520 147584
1 2051 2054 4108 4120 6148 8240 8288 12304 14336 16768 24640 26624 33793 34304 34817 51200 66304 82176 98816 114688 131264 147520 147584
1 2051 2054 4108 4120 6148 8240 8288 12304 14336 16768 24640 26624 33793 34817 51200 66304 67072 82176 99328 114688 131264 147520 147584
1 2051 2054 4108 4120 6148 8240 8288 12304 14336 16768 26624 33536 34304 49408 51200 66561 67585 99328 100352 131264 139328 147584 155648
1 2051 2054 4108 4120 6148 8240 8288 12304 14336 16768 26624 33536 49408 51200 66561 67072 67585 98816 100352 131264 139328 147584 155648
1 2051 2054 4108 4120 6148 8240 8288 12304 14336 16768 26624 33793 34304 34817 49664 51200 66304 82176 82432 131264 139328 147584 155648
1 2051 2054 4108 4120 6148 8240 8288 12304 14336 16768 26624 33793 34304 34817 51200 66304 82176 98816 114688 131264 139328 147584 155648
1 2051 2054 4108 4120 6148 8240 8288 12304 14336 16768 26624 33793 34817 51200 66304 67072 82176 99328 114688 131264 139328 147584 155648
1 2051 2054 4108 4120 6148 8240 8288 12304 14336 17152 26624 33793 34304 34817 49664 51200 65728 65920 73792 82176 155648 204800 212992
1 2051 2054 4108 4120 6148 8240 8288 12304 14336 17152 26624 33793 34304 34817 49664 51200 65728 65920 82176 90112 139328 196672 204800
1 2051 2054 4108 4120 6148 8240 8288 12304 14336 17152 26624 33793 34304 34817 49664 51200 65728 65920 82176 139328 155648 196672 212992
1 2051 2054 4108 4120 6148 8240 8288 12304 14336 17152 26624 33793 34304 34817 49664 51200 65728 73792 82176 90112 131456 196736 196864
1 2051 2054 4108 4120 6148 8240 8288 12304 14336 17152 26624 33793 34304 34817 49664 51200 65920 73792 82176 90112 131264 196672 196736
1 2051 2054 4108 4120 6148 8240 8288 12304 14336 17152 26624 33793 34304 34817 49664 51200 65920 82048 82176 131264 139328 147584 155648
1 2051 2054 4108 4120 6148 8240 8288 12304 14336 17152 26624 33793 34304 34817 49664 51200 65920 82176 90112 131264 139328 196736 204800
1 2051 2054 4108 4120 6148 8240 8288 12304 14336 17152 26624 33793 34304 34817 49664 51200 65920 82176 131264 139328 155648 196736 212992
1 2051 2054 4108 4120 6148 8240 8288 12304 14336 17152 26624 33793 34304 34817 49664 51200 73792 82176 90112 131264 131456 196672 196864
1 2051 2054 4108 4120 6148 8240 8288 12304 14336 17152 26624 33793 34304 34817 49664 51200 82176 90112 131264 131456 139328 196864 204800
1 2051 2054 4108 4120 6148 8240 8288 12304 14336 17152 26624 33793 34304 34817 49664 51200 82176 131264 131456 139328 155648 196864 212992
1 2051 2054 4108 4120 6148 8240 8288 12304 14336 18433 26624 33793 34304 49153 49664 65920 66304 82432 90112 131264 139328 196736 204800
1 2051 2054 4108 4120 6148 8240 8288 12304 14336 18433 26624 33793 34304 49153 49664 65920 66304 82432 131264 139328 155648 196736 212992
1 2051 2054 4108 4120 6148 8240 8288 12304 14336 18433 26624 33793 34304 49153 49664 66304 82432 90112 131264 131456 139328 196864 204800
1 2051 2054 4108 4120 6148 8240 8288 12304 14336 18433 26624 33793 34304 49153 49664 66304 82432 131264 131456 139328 155648 196864 212992
1 2051 2054 4108 4120 6148 8240 8288 12304 14336 18433 26624 33793 34304 49153 57344 65920 66304 98816 106496 131264 139328 196736 204800
1 2051 2054 4108 4120 6148 8240 8288 12304 14336 18433 26624 33793 34304 49153 57344 65920 66304 98816 131264 139328 172032 196736 229376
1 2051 2054 4108 4120 6148 8240 8288 12304 14336 18433 26624 33793 34304 49153 57344 66304 98816 106496 131264 131456 139328 196864 204800
1 2051 2054 4108 4120 6148 8240 8288 12304 14336 18433 26624 33793 34304 49153 57344 66304 98816 131264 131456 139328 172032 196864 229376
1 2051 2054 4108 4120 6148 8240 8288 12304 14336 18433 26624 33793 34304 49153 65920 66304 90112 98816 114688 131264 139328 196736 204800
1 2051 2054 4108 4120 6148 8240 8288 12304 14336 18433 26624 33793 34304 49153 65920 66304 98816 114688 131264 139328 155648 196736 212992
1 2051 2054 4108 4120 6148 8240 8288 12304 14336 18433 26624 33793 34304 49153 65920 66304 98816 131264 139328 155648 180224 196736 229376
1 2051 2054 4108 4120 6148 8240 8288 12304 14336 18433 26624 33793 34304 49153 66304 90112 98816 114688 131264 131456 139328 196864 204800
1 2051 2054 4108 4120 6148 8240 8288 12304 14336 18433 26624 33793 34304 49153 66304 98816 114688 131264 131456 139328 155648 196864 212992
1 2051 2054 4108 4120 6148 8240 8288 12304 14336 18433 26624 33793 34304 49153 66304 98816 131264 131456 139328 155648 180224 196864 229376
2 2051 2054 4108 4120 6148 8240 8288 12304 14336 18433 26624 33793 49153 50176 66304 67072 82944 90112 131264 131456 139328 196864 204800
1 2051 2054 4108 4120 6148 8240 8288 12304 14336 18433 26624 33793 49153 50176 66304 67072 82944 131264 131456 139328 155648 196864 212992
1 2051 2054 4108 4120 6148 8240 8288 12304 14336 18433 26624 33793 49153 57344 66304 67072 99328 131264 131456 139328 172032 196864 229376
1 2051 2054 4108 4120 6148 8240 8288 12304 14336 18433 26624 33793 49153 66304 67072 90112 99328 114688 131264 131456 139328 196864 204800
1 2051 2054 4108 4120 6148 8240 8288 12304 14336 18433 26624 33793 49153 66304 67072 99328 114688 131264 131456 139328 155648 196864 212992
1 2051 2054 4108 4120 6148 8240 8288 12304 14336 18433 26624 33793 49153 66304 67072 99328 131264 131456 139328 155648 180224 196864 229376
1 2051 2054 4108 4120 6148 8240 8288 12304 14336 26624 32960 33152 41024 51200 57344 66304 67072 98560 100352 132097 133121 197632 198656
1 2051 2054 4108 4120 6148 8240 8288 12304 14336 26624 32960 33152 41024 51200 57344 66304 67072 98560 132097 133121 165888 197632 229376
1 2051 2054 4108 4120 6148 8240 8288 12304 14336 26624 32960 33152 41024 51200 57344 66304 98560 100352 132097 132608 133121 197120 198656
1 2051 2054 4108 4120 6148 8240 8288 12304 14336 26624 32960 33152 41024 51200 57344 66304 98560 132097 132608 133121 165888 197120 229376
1 2051 2054 4108 4120 6148 8240 8288 12304 14336 26624 32960 41024 51200 57344 65920 66304 98432 132097 132608 133121 165888 197120 229376
2 2051 2054 4108 4120 6148 8240 8288 12304 14336 26624 33152 33536 51200 57344 65728 73792 98432 106496 132097 132608 133121 164352 165888
2 2051 2054 4108 4120 6148 8240 8288 12304 14336 26624 33152 33536 51200 65728 73792 90112 98432 114688 132097 132608 133121 164352 165888
1 2051 2054 4108 4120 6148 8240 8288 12304 14336 26624 33536 34304 49408 51200 66561 67585 99328 100352 131264 131456 139328 147712 155648
1 2051 2054 4108 4120 6148 8240 8288 12304 14336 26624 33536 34304 51200 65728 65920 73792 90112 98560 114688 132097 133121 164864 165888
1 2051 2054 4108 4120 6148 8240 8288 12304 14336 26624 33536 49408 51200 66561 67072 67585 98816 100352 131264 131456 139328 147712 155648
2 2051 2054 4108 4120 6148 8240 8288 12304 14336 26624 33536 51200 57344 65728 65920 73792 98560 106496 132097 132608 133121 164352 165888
1 2051 2054 4108 4120 6148 8240 8288 12304 14336 26624 33536 51200 65728 65920 73792 90112 98560 114688 132097 132608 133121 164352 165888
1 2051 2054 4108 4120 6148 8240 8288 12304 14336 26624 33793 34304 34817 49664 51200 65920 66304 82048 82432 131264 139328 147584 155648
1 2051 2054 4108 4120 6148 8240 8288 12304 14336 26624 33793 34304 34817 49664 51200 65920 66304 82432 131264 139328 155648 196736 212992
2 2051 2054 4108 4120 6148 8240 8288 12304 14336 26624 33793 34304 34817 49664 51200 66304 82176 82432 131264 131456 139328 147712 155648
1 2051 2054 4108 4120 6148 8240 8288 12304 14336 26624 33793 34304 34817 49664 51200 66304 82432 131264 131456 139328 155648 196864 212992
2 2051 2054 4108 4120 6148 8240 8288 12304 14336 26624 33793 34304 34817 51200 65728 65920 73792 90112 114688 131840 164352 196864 229376
1 2051 2054 4108 4120 6148 8240 8288 12304 14336 26624 33793 34304 34817 51200 65728 73792 90112 114688 131456 131840 164352 196736 229376
1 2051 2054 4108 4120 6148 8240 8288 12304 14336 26624 33793 34304 34817 51200 65920 66304 82048 98816 114688 131264 139328 147584 155648
1 2051 2054 4108 4120 6148 8240 8288 12304 14336 26624 33793 34304 34817 51200 65920 66304 98816 114688 131264 139328 155648 196736 212992
2 2051 2054 4108 4120 6148 8240 8288 12304 14336 26624 33793 34304 34817 51200 66304 98816 114688 131264 131456 139328 155648 196864 212992
1 2051 2054 4108 4120 6148 8240 8288 12304 16576 16768 22528 28672 41024 49216 57344 66304 67072 82176 83968 132097 133121 197632 198656
1 2051 2054 4108 4120 6148 8240 8288 12304 16576 16768 22528 28672 41024 49216 57344 66304 67072 82176 132097 133121 149504 197632 212992
1 2051 2054 4108 4120 6148 8240 8288 12304 16576 16768 22528 28672 41024 49216 57344 66304 82176 83968 132097 132608 133121 197120 198656
1 2051 2054 4108 4120 6148 8240 8288 12304 16576 16768 22528 28672 41024 49216 57344 66304 82176 132097 132608 133121 149504 197120 212992
1 2051 2054 4108 4120 6148 8240 8288 12304 16576 16768 28672 41024 49216 57344 66304 67072 71680 82176 86016 132097 133121 197632 198656
1 2051 2054 4108 4120 6148 8240 8288 12304 16576 16768 28672 41024 49216 57344 66304 67072 82176 86016 132097 133121 137216 197632 200704
1 2051 2054 4108 4120 6148 8240 8288 12304 16576 16768 28672 41024 49216 57344 66304 67072 82176 132097 133121 137216 151552 197632 212992
1 2051 2054 4108 4120 6148 8240 8288 12304 16576 16768 28672 41024 49216 57344 66304 71680 82176 86016 132097 132608 133121 197120 198656
1 2051 2054 4108 4120 6148 8240 8288 12304 16576 22528 24640 28672 33152 33536 49280 51200 66561 67072 98816 100352 133121 196609 198656
1 2051 2054 4108 4120 6148 8240 8288 12304 16576 22528 24640 28672 33152 33536 49280 51200 66561 67585 98816 100352 132608 197120 197632
1 2051 2054 4108 4120 6148 8240 8288 12304 16576 22528 24640 28672 33152 33536 49280 51200 66561 67585 100352 132608 164352 197632 229376
1 2051 2054 4108 4120 6148 8240 8288 12304 16576 22528 24640 28672 33152 33536 49280 51200 67072 67585 98816 100352 132097 196609 197632
1 2051 2054 4108 4120 6148 8240 8288 12304 16576 22528 24640 28672 33152 33536 49280 51200 67072 98816 100352 132097 133121 197632 198656
1 2051 2054 4108 4120 6148 8240 8288 12304 16576 22528 24640 28672 33152 33536 49280 51200 67585 98816 100352 132097 132608 196609 197120
1 2051 2054 4108 4120 6148 8240 8288 12304 16576 22528 24640 28672 33152 33536 49280 51200 67585 100352 132097 132608 164352 196609 229376
1 2051 2054 4108 4120 6148 8240 8288 12304 16576 22528 24640 28672 33152 33536 49280 51200 98816 100352 132097 132608 133121 197120 198656
1 2051 2054 4108 4120 6148 8240 8288 12304 16576 22528 24640 28672 33152 33536 49280 51200 100352 132097 132608 133121 164352 198656 229376
1 2051 2054 4108 4120 6148 8240 8288 12304 16576 22528 24640 28672 33152 33536 49280 66561 67072 67585 83968 114688 164352 197120 229376
1 2051 2054 4108 4120 6148 8240 8288 12304 16576 22528 24640 28672 33152 33536 49280 66561 67072 67585 98816 114688 149504 198656 212992
1 2051 2054 4108 4120 6148 8240 8288 12304 16576 22528 24640 28672 33152 33536 49280 66561 67072 83968 98816 114688 133121 196609 198656
1 2051 2054 4108 4120 6148 8240 8288 12304 16576 22528 24640 28672 33152 33536 49280 66561 67072 98816 114688 133121 149504 196609 212992
1 2051 2054 4108 4120 6148 8240 8288 12304 16576 22528 24640 28672 33152 33536 49280 66561 67585 83968 98816 114688 132608 197120 197632
1 2051 2054 4108 4120 6148 8240 8288 12304 16576 22528 24640 28672 33152 33536 49280 66561 67585 83968 114688 132608 164352 197632 229376
1 2051 2054 4108 4120 6148 8240 8288 12304 16576 22528 24640 28672 33152 33536 49280 67072 67585 83968 98816 114688 132097 196609 197632
1 2051 2054 4108 4120 6148 8240 8288 12304 16576 22528 24640 28672 33152 33536 49280 67072 83968 98816 114688 132097 133121 197632 198656
1 2051 2054 4108 4120 6148 8240 8288 12304 16576 22528 24640 28672 33152 33536 49280 67072 98816 114688 132097 133121 149504 197632 212992
1 2051 2054 4108 4120 6148 8240 8288 12304 16576 22528 24640 28672 33152 33536 49280 67585 83968 98816 114688 132097 132608 196609 197120
1 2051 2054 4108 4120 6148 8240 8288 12304 16576 22528 24640 28672 33152 33536 49280 67585 83968 114688 132097 132608 164352 196609 229376
1 2051 2054 4108 4120 6148 8240 8288 12304 16576 22528 24640 28672 33152 33536 49280 83968 98816 114688 132097 132608 133121 197120 198656
1 2051 2054 4108 4120 6148 8240 8288 12304 16576 22528 24640 28672 33152 33536 49280 83968 114688 132097 132608 133121 164352 198656 229376
1 2051 2054 4108 4120 6148 8240 8288 12304 16576 22528 24640 28672 33152 33536 49280 98816 114688 132097 132608 133121 149504 197120 212992
1 2051 2054 4108 4120 6148 8240 8288 12304 16576 22528 24640 28672 33152 33536 49280 114688 132097 132608 133121 149504 164352 212992 229376
1 2051 2054 4108 4120 6148 8240 8288 12304 16576 22528 24640 28672 33152 49280 49408 66304 67072 82176 83968 132097 133121 197632 198656
1 2051 2054 4108 4120 6148 8240 8288 12304 16576 22528 24640 28672 33152 49280 49408 66304 67072 82176 132097 133121 149504 197632 212992
1 2051 2054 4108 4120 6148 8240 8288 12304 16576 22528 24640 28672 33152 49280 49408 66304 82176 83968 132097 132608 133121 197120 198656
1 2051 2054 4108 4120 6148 8240 8288 12304 16576 22528 24640 28672 33152 49280 49408 66304 82176 132097 132608 133121 149504 197120 212992
1 2051 2054 4108 4120 6148 8240 8288 12304 16576 22528 24640 28672 33152 49280 51200 66304 67072 98560 100352 132097 133121 197632 198656
1 2051 2054 4108 4120 6148 8240 8288 12304 16576 22528 24640 28672 33152 49280 51200 66304 98560 100352 132097 132608 133121 197120 198656
1 2051 2054 4108 4120 6148 8240 8288 12304 16576 22528 24640 28672 33152 49280 51200 66561 67072 67585 98816 100352 131840 164096 164352
1 2051 2054 4108 4120 6148 8240 8288 12304 16576 22528 24640 28672 33152 49280 51200 66561 67072 67585 100352 131840 164096 197120 229376
1 2051 2054 4108 4120 6148 8240 8288 12304 16576 22528 24640 28672 33152 49280 51200 66561 67585 100352 131840 132608 164096 197632 229376
1 2051 2054 4108 4120 6148 8240 8288 12304 16576 22528 24640 28672 33152 49280 66304 67072 83968 98560 114688 132097 133121 197632 198656
1 2051 2054 4108 4120 6148 8240 8288 12304 16576 22528 24640 28672 33152 49280 66304 67072 98560 114688 132097 133121 149504 197632 212992
1 2051 2054 4108 4120 6148 8240 8288 12304 16576 22528 24640 28672 33152 49280 66304 83968 98560 114688 132097 132608 133121 197120 198656
1 2051 2054 4108 4120 6148 8240 8288 12304 16576 22528 24640 28672 33152 49280 66304 98560 114688 132097 132608 133121 149504 197120 212992
1 2051 2054 4108 4120 6148 8240 8288 12304 16576 22528 24640 28672 33152 49280 66561 67072 67585 83968 98816 114688 131840 164096 164352
1 2051 2054 4108 4120 6148 8240 8288 12304 16576 22528 24640 28672 33152 49280 66561 67072 67585 83968 114688 131840 164096 197120 229376
1 2051 2054 4108 4120 6148 8240 8288 12304 16576 22528 24640 28672 33152 49280 66561 67585 83968 114688 131840 132608 164096 197632 229376
1 2051 2054 4108 4120 6148 8240 8288 12304 16576 22528 24640 28672 33536 49280 51200 66561 67072 67585 98816 100352 131456 163968 164096
1 2051 2054 4108 4120 6148 8240 8288 12304 16576 22528 24640 28672 33536 49280 66561 67072 67585 83968 98816 114688 131456 163968 164096
1 2051 2054 4108 4120 6148 8240 8288 12304 16576 22528 24640 28672 49280 51200 66561 67072 67585 98816 100352 131456 131840 163968 164352
1 2051 2054 4108 4120 6148 8240 8288 12304 16576 22528 24640 28672 49280 51200 66561 67072 67585 100352 131456 131840 163968 197120 229376
1 2051 2054 4108 4120 6148 8240 8288 12304 16576 22528 24640 28672 49280 65920 66304 98432 114688 132097 132608 133121 149504 197120 212992
1 2051 2054 4108 4120 6148 8240 8288 12304 16576 22528 24640 28672 49280 66561 67072 67585 83968 98816 114688 131456 131840 163968 164352
1 2051 2054 4108 4120 6148 8240 8288 12304 16576 22528 24640 28672 49280 66561 67072 67585 83968 114688 131456 131840 163968 197120 229376
1 2051 2054 4108 4120 6148 8240 8288 12304 16576 24640 28672 33152 33536 38912 49280 53248 66561 67072 98816 100352 133121 196609 198656
1 2051 2054 4108 4120 6148 8240 8288 12304 16576 24640 28672 33152 33536 38912 49280 53248 66561 67585 98816 100352 132608 197120 197632
1 2051 2054 4108 4120 6148 8240 8288 12304 16576 24640 28672 33152 33536 38912 49280 53248 66561 67585 100352 132608 164352 197632 229376
1 2051 2054 4108 4120 6148 8240 8288 12304 16576 24640 28672 33152 33536 38912 49280 53248 67072 67585 98816 100352 132097 196609 197632
1 2051 2054 4108 4120 6148 8240 8288 12304 16576 24640 28672 33152 33536 38912 49280 53248 67072 98816 100352 132097 133121 197632 198656
1 2051 2054 4108 4120 6148 8240 8288 12304 16576 24640 28672 33152 33536 38912 49280 53248 67585 98816 100352 132097 132608 196609 197120
1 2051 2054 4108 4120 6148 8240 8288 12304 16576 24640 28672 33152 33536 38912 49280 53248 67585 100352 132097 132608 164352 196609 229376
1 2051 2054 4108 4120 6148 8240 8288 12304 16576 24640 28672 33152 33536 38912 49280 53248 98816 100352 132097 132608 133121 197120 198656
1 2051 2054 4108 4120 6148 8240 8288 12304 16576 24640 28672 33152 33536 38912 49280 53248 100352 132097 132608 133121 164352 198656 229376
1 2051 2054 4108 4120 6148 8240 8288 12304 16576 24640 28672 33152 33536 49280 53248 66561 67072 67585 98816 102400 137216 198656 200704
1 2051 2054 4108 4120 6148 8240 8288 12304 16576 24640 28672 33152 33536 49280 53248 66561 67072 98816 102400 133121 137216 196609 200704
1 2051 2054 4108 4120 6148 8240 8288 12304 16576 24640 28672 33152 33536 49280 53248 66561 67585 71680 98816 102400 132608 197120 197632
1 2051 2054 4108 4120 6148 8240 8288 12304 16576 24640 28672 33152 33536 49280 53248 66561 67585 71680 102400 132608 164352 197632 229376
1 2051 2054 4108 4120 6148 8240 8288 12304 16576 24640 28672 33152 33536 49280 53248 67072 67585 71680 98816 102400 132097 196609 197632
1 2051 2054 4108 4120 6148 8240 8288 12304 16576 24640 28672 33152 33536 49280 53248 67072 71680 98816 102400 132097 133121 197632 198656
1 2051 2054 4108 4120 6148 8240 8288 12304 16576 24640 28672 33152 33536 49280 53248 67072 98816 102400 132097 133121 137216 197632 200704
1 2051 2054 4108 4120 6148 8240 8288 12304 16576 24640 28672 33152 33536 49280 53248 67585 71680 98816 102400 132097 132608 196609 197120
1 2051 2054 4108 4120 6148 8240 8288 12304 16576 24640 28672 33152 33536 49280 53248 67585 71680 102400 132097 132608 164352 196609 229376
1 2051 2054 4108 4120 6148 8240 8288 12304 16576 24640 28672 33152 33536 49280 53248 71680 98816 102400 132097 132608 133121 197120 198656
1 2051 2054 4108 4120 6148 8240 8288 12304 16576 24640 28672 33152 33536 49280 53248 71680 102400 132097 132608 133121 164352 198656 229376
2 2051 2054 4108 4120 6148 8240 8288 12304 16576 24640 28672 33152 33536 49280 66561 67072 67585 86016 98816 114688 137216 198656 200704
2 2051 2054 4108 4120 6148 8240 8288 12304 16576 24640 28672 33152 33536 49280 66561 67072 67585 98816 114688 137216 151552 198656 212992
1 2051 2054 4108 4120 6148 8240 8288 12304 16576 24640 28672 33152 33536 49280 66561 67072 86016 98816 114688 133121 137216 196609 200704
1 2051 2054 4108 4120 6148 8240 8288 12304 16576 24640 28672 33152 33536 49280 66561 67072 98816 114688 133121 137216 151552 196609 212992
1 2051 2054 4108 4120 6148 8240 8288 12304 16576 24640 28672 33152 33536 49280 66561 67585 71680 86016 98816 114688 132608 197120 197632
1 2051 2054 4108 4120 6148 8240 8288 12304 16576 24640 28672 33152 33536 49280 66561 67585 71680 86016 114688 132608 164352 197632 229376
1 2051 2054 4108 4120 6148 8240 8288 12304 16576 24640 28672 33152 33536 49280 67072 67585 71680 86016 98816 114688 132097 196609 197632
1 2051 2054 4108 4120 6148 8240 8288 12304 16576 24640 28672 33152 33536 49280 67072 71680 86016 98816 114688 132097 133121 197632 198656
1 2051 2054 4108 4120 6148 8240 8288 12304 16576 24640 28672 33152 33536 49280 67072 86016 98816 114688 132097 133121 137216 197632 200704
1 2051 2054 4108 4120 6148 8240 8288 12304 16576 24640 28672 33152 33536 49280 67072 98816 114688 132097 133121 137216 151552 197632 212992
1 2051 2054 4108 4120 6148 8240 8288 12304 16576 24640 28672 33152 33536 49280 67585 71680 86016 98816 114688 132097 132608 196609 197120
1 2051 2054 4108 4120 6148 8240 8288 12304 16576 24640 28672 33152 33536 49280 67585 71680 86016 114688 132097 132608 164352 196609 229376
1 2051 2054 4108 4120 6148 8240 8288 12304 16576 24640 28672 33152 33536 49280 71680 86016 98816 114688 132097 132608 133121 197120 198656
1 2051 2054 4108 4120 6148 8240 8288 12304 16576 24640 28672 33152 33536 49280 71680 86016 114688 132097 132608 133121 164352 198656 229376
1 2051 2054 4108 4120 6148 8240 8288 12304 16576 24640 28672 33152 38912 49280 53248 66304 67072 98560 100352 132097 133121 197632 198656
2 2051 2054 4108 4120 6148 8240 8288 12304 16576 24640 28672 33152 38912 49280 53248 66304 98560 100352 132097 132608 133121 197120 198656
1 2051 2054 4108 4120 6148 8240 8288 12304 16576 24640 28672 33152 38912 49280 53248 66561 67072 67585 98816 100352 131840 164096 164352
1 2051 2054 4108 4120 6148 8240 8288 12304 16576 24640 28672 33152 38912 49280 53248 66561 67072 67585 100352 131840 164096 197120 229376
1 2051 2054 4108 4120 6148 8240 8288 12304 16576 24640 28672 33152 38912 49280 53248 66561 67585 100352 131840 132608 164096 197632 229376
1 2051 2054 4108 4120 6148 8240 8288 12304 16576 24640 28672 33152 49280 49408 66304 67072 71680 82176 86016 132097 133121 197632 198656
1 2051 2054 4108 4120 6148 8240 8288 12304 16576 24640 28672 33152 49280 53248 66304 67072 71680 98560 102400 132097 133121 197632 198656
1 2051 2054 4108 4120 6148 8240 8288 12304 16576 24640 28672 33152 49280 66304 67072 71680 86016 98560 114688 132097 133121 197632 198656
1 2051 2054 4108 4120 6148 8240 8288 12304 16576 24640 28672 38912 49280 53248 66561 67072 67585 98816 100352 131456 131840 163968 164352
1 2051 2054 4108 4120 6148 8240 8288 12304 16576 24640 28672 38912 49280 53248 66561 67072 67585 100352 131456 131840 163968 197120 229376
1 2051 2054 4108 4120 6148 8240 8288 12304 16768 17152 22528 28672 32960 41024 49280 57344 66561 67072 67585 82432 149504 198656 212992
1 2051 2054 4108 4120 6148 8240 8288 12304 16768 17152 22528 28672 32960 41024 49280 57344 66561 67072 82432 83968 133121 196609 198656
1 2051 2054 4108 4120 6148 8240 8288 12304 16768 17152 22528 28672 32960 41024 49280 57344 66561 67072 82432 133121 149504 196609 212992
1 2051 2054 4108 4120 6148 8240 8288 12304 16768 17152 22528 28672 32960 41024 49280 57344 66561 67585 82432 83968 132608 197120 197632
1 2051 2054 4108 4120 6148 8240 8288 12304 16768 17152 22528 28672 32960 41024 49280 57344 67072 67585 82432 83968 132097 196609 197632
1 2051 2054 4108 4120 6148 8240 8288 12304 16768 17152 22528 28672 32960 41024 49280 57344 67072 82432 83968 132097 133121 197632 198656
1 2051 2054 4108 4120 6148 8240 8288 12304 16768 17152 22528 28672 32960 41024 49280 57344 67072 82432 132097 133121 149504 197632 212992
1 2051 2054 4108 4120 6148 8240 8288 12304 16768 17152 22528 28672 32960 41024 49280 57344 67585 82432 83968 132097 132608 196609 197120
1 2051 2054 4108 4120 6148 8240 8288 12304 16768 17152 22528 28672 32960 41024 49280 57344 82432 83968 132097 132608 133121 197120 198656
1 2051 2054 4108 4120 6148 8240 8288 12304 16768 17152 28672 32960 41024 49280 57344 66561 67072 67585 82432 86016 137216 198656 200704
1 2051 2054 4108 4120 6148 8240 8288 12304 16768 17152 28672 32960 41024 49280 57344 66561 67072 67585 82432 137216 151552 198656 212992
1 2051 2054 4108 4120 6148 8240 8288 12304 16768 17152 28672 32960 41024 49280 57344 66561 67072 82432 86016 133121 137216 196609 200704
1 2051 2054 4108 4120 6148 8240 8288 12304 16768 17152 28672 32960 41024 49280 57344 66561 67072 82432 133121 137216 151552 196609 212992
1 2051 2054 4108 4120 6148 8240 8288 12304 16768 17152 28672 32960 41024 49280 57344 67072 67585 71680 82432 86016 132097 196609 197632
1 2051 2054 4108 4120 6148 8240 8288 12304 16768 17152 28672 32960 41024 49280 57344 67072 71680 82432 86016 132097 133121 197632 198656
1 2051 2054 4108 4120 6148 8240 8288 12304 16768 17152 28672 32960 41024 49280 57344 67585 71680 82432 86016 132097 132608 196609 197120
1 2051 2054 4108 4120 6148 8240 8288 12304 16768 17152 28672 32960 41024 49280 57344 71680 82432 86016 132097 132608 133121 197120 198656
1 2051 2054 4108 4120 6148 8240 8288 12304 16768 22528 24640 28672 32960 49216 49280 66304 67072 82176 83968 132097 133121 197632 198656
1 2051 2054 4108 4120 6148 8240 8288 12304 16768 22528 24640 28672 32960 49216 49280 66304 67072 82176 132097 133121 149504 197632 212992
1 2051 2054 4108 4120 6148 8240 8288 12304 16768 22528 24640 28672 32960 49216 49280 66304 82176 132097 132608 133121 149504 197120 212992
1 2051 2054 4108 4120 6148 8240 8288 12304 16768 22528 28672 32960 41024 49280 57344 66304 67072 82176 83968 132097 133121 197632 198656
1 2051 2054 4108 4120 6148 8240 8288 12304 16768 22528 28672 32960 41024 49280 57344 66304 67072 82176 132097 133121 149504 197632 212992
2 2051 2054 4108 4120 6148 8240 8288 12304 16768 22528 28672 32960 41024 49280 57344 66304 82176 132097 132608 133121 149504 197120 212992
1 2051 2054 4108 4120 6148 8240 8288 12304 17409 17920 28672 32960 41024 57344 65920 66304 82432 98432 114688 133121 137216 147457 151552
1 2051 2054 4108 4120 6148 8240 8288 12304 17409 17920 28672 33152 33536 49664 57344 65728 73792 98432 106496 133121 137216 147457 151552
2 2051 2054 4108 4120 6148 8240 8288 12304 18433 22528 28672 32960 33152 41024 57344 66304 67072 82944 98560 114688 132097 147457 148480
1 2051 2054 4108 4120 6148 8240 8288 12304 18433 22528 28672 32960 33152 41024 57344 66304 67072 98560 114688 132097 147457 197632 212992
1 2051 2054 4108 4120 6148 8240 8288 12304 18433 22528 28672 32960 33152 41024 57344 66304 82432 98560 114688 132097 132608 147457 147968
1 2051 2054 4108 4120 6148 8240 8288 12304 18433 22528 28672 32960 33152 41024 57344 66304 98560 114688 132097 132608 147457 197120 212992
1 2051 2054 4108 4120 6148 8240 8288 12304 18433 22528 28672 32960 33152 41024 57344 66561 67072 81921 114688 131840 164096 197120 229376
1 2051 2054 4108 4120 6148 8240 8288 12304 18433 22528 28672 32960 41024 57344 65920 66304 82432 98432 114688 132097 132608 147457 147968
1 2051 2054 4108 4120 6148 8240 8288 12304 18433 22528 28672 32960 41024 57344 65920 66304 98432 114688 132097 132608 147457 197120 212992
1 2051 2054 4108 4120 6148 8240 8288 12304 18433 22528 28672 32960 41024 57344 66561 67072 81921 114688 131456 131840 163968 197120 229376
1 2051 2054 4108 4120 6148 8240 8288 12304 18433 22528 28672 33152 33536 49664 57344 65728 73792 98432 106496 132097 132608 147457 147968
1 2051 2054 4108 4120 6148 8240 8288 12304 18433 22528 28672 33152 33536 57344 66561 67072 81921 98816 114688 131264 139328 163968 172032
1 2051 2054 4108 4120 6148 8240 8288 12304 18433 22528 28672 33793 34304 49153 57344 65920 66304 98816 106496 131264 139328 196736 204800
1 2051 2054 4108 4120 6148 8240 8288 12304 18433 22528 28672 33793 34304 49153 57344 65920 66304 98816 131264 139328 172032 196736 229376
2 2051 2054 4108 4120 6148 8240 8288 12304 22528 28672 32960 33152 41024 57344 66304 67072 83968 98560 114688 132097 133121 197632 198656
2 2051 2054 4108 4120 6148 8240 8288 12304 22528 28672 32960 33152 41024 57344 66304 67072 98560 114688 132097 133121 149504 197632 212992
1 2051 2054 4108 4120 6148 8240 12304 14336 16480 16576 24608 26624 33152 33536 49280 51200 66561 67585 98816 100352 132608 197120 197632
1 2051 2054 4108 4120 6148 8240 12304 14336 16480 16576 24608 26624 33152 33536 49280 51200 67072 67585 98816 100352 132097 196609 197632
1 2051 2054 4108 4120 6148 8240 12304 14336 16480 16576 24608 26624 33152 33536 49280 51200 67072 98816 100352 132097 133121 197632 198656
1 2051 2054 4108 4120 6148 8240 12304 14336 16480 16576 24608 26624 33152 33536 49280 51200 67072 98816 132097 133121 165888 197632 229376
1 2051 2054 4108 4120 6148 8240 12304 14336 16480 16576 24608 26624 33152 33536 49280 51200 67585 98816 100352 132097 132608 196609 197120
1 2051 2054 4108 4120 6148 8240 12304 14336 16480 16576 24608 26624 33152 49280 51200 66304 67072 98560 100352 132097 133121 197632 198656
1 2051 2054 4108 4120 6148 8240 12304 14336 16480 16576 24608 26624 33152 49280 51200 66304 67072 98560 132097 133121 165888 197632 229376
1 2051 2054 4108 4120 6148 8240 12304 14336 16480 16576 24608 26624 33536 34304 51200 65920 82048 98560 114688 132097 133121 164864 165888
1 2051 2054 4108 4120 6148 8240 12304 14336 16480 16576 24608 26624 33793 34817 51200 65920 66304 82048 98816 114688 132608 164352 164864
1 2051 2054 4108 4120 6148 8240 12304 14336 16480 16576 24608 26624 33793 34817 51200 65920 66304 82048 114688 132608 164864 197120 229376
1 2051 2054 4108 4120 6148 8240 12304 14336 16480 16576 24608 26624 33793 34817 51200 65920 82048 114688 131840 132608 164864 196864 229376
1 2051 2054 4108 4120 6148 8240 12304 14336 16480 16576 24608 26624 33793 34817 51200 66304 67072 99328 114688 131456 147584 196864 212992
1 2051 2054 4108 4120 6148 8240 12304 14336 16480 16576 24608 26624 33793 34817 51200 67072 99328 114688 131456 131840 147584 197120 212992
1 2051 2054 4108 4120 6148 8240 12304 14336 16480 16576 24608 26624 34304 34817 51200 65920 66304 82048 98816 114688 132097 163841 164864
1 2051 2054 4108 4120 6148 8240 12304 14336 16480 16576 24608 26624 34304 51200 65920 66304 82048 98816 114688 132097 133121 164864 165888
1 2051 2054 4108 4120 6148 8240 12304 14336 16480 16576 24608 26624 34817 51200 65920 66304 82048 98816 114688 132097 132608 163841 164352
1 2051 2054 4108 4120 6148 8240 12304 14336 16480 24608 26624 32960 33152 49216 51200 66304 67072 98560 100352 132097 133121 197632 198656
1 2051 2054 4108 4120 6148 8240 12304 14336 16480 24608 26624 33536 34304 51200 65728 65920 81984 98560 114688 132097 133121 164864 165888
1 2051 2054 4108 4120 6148 8240 12304 14336 16480 24608 26624 33793 34817 51200 65728 65920 81984 114688 131840 132608 164864 196864 229376
1 2051 2054 4108 4120 6148 8240 12304 14336 16480 24608 26624 33793 34817 51200 66304 67072 99328 114688 131264 131456 147520 196864 212992
1 2051 2054 4108 4120 6148 8240 12304 14336 16576 16768 24640 26624 33536 34304 49408 51200 66561 67585 99328 100352 131168 139296 139328
1 2051 2054 4108 4120 6148 8240 12304 14336 16576 16768 26624 33536 34304 49408 51200 66561 67585 99328 100352 131168 139296 147520 155648
1 2051 2054 4108 4120 6148 8240 12304 14336 16768 17152 26624 33793 34817 49664 51200 67072 98816 99328 131168 131264 139296 147584 155648
1 2051 2054 4108 4120 6148 8240 12304 14336 16768 17152 26624 33793 34817 51200 67072 82432 99328 114688 131168 131264 139296 147584 155648
2 2051 2054 4108 4120 6148 8240 12304 14336 16768 17152 26624 34817 49664 51200 66561 67072 98305 98816 131168 131264 139296 147584 155648
1 2051 2054 4108 4120 6148 8240 12304 14336 16768 26624 33536 34304 49408 51200 66561 67585 99328 100352 131168 131264 139296 147584 155648
1 2051 2054 4108 4120 6148 8240 12304 14336 16768 26624 33793 34817 51200 66304 67072 82176 99328 114688 131168 131264 139296 147584 155648
1 2051 2054 4108 4120 6148 8240 12304 14336 17152 17920 26624 33793 34817 50176 51200 65728 65920 73792 82176 90112 131168 139296 139328
1 2051 2054 4108 4120 6148 8240 12304 14336 17152 17920 26624 33793 34817 50176 51200 65728 65920 82176 90112 131168 139296 196672 204800
1 2051 2054 4108 4120 6148 8240 12304 14336 17152 17920 26624 33793 34817 50176 51200 65920 82176 90112 131168 131264 139296 196736 204800
1 2051 2054 4108 4120 6148 8240 12304 14336 17152 17920 26624 33793 34817 50176 51200 65920 82176 131168 131264 139296 155648 196736 212992
1 2051 2054 4108 4120 6148 8240 12304 14336 17409 18433 26624 33536 34304 50176 57344 65632 65728 73760 106496 131456 164096 196736 229376
1 2051 2054 4108 4120 6148 8240 12304 14336 17409 18433 26624 33536 34304 50176 57344 65728 65920 73792 98560 106496 131168 139296 139328
1 2051 2054 4108 4120 6148 8240 12304 14336 17409 18433 26624 33536 34304 50176 57344 65728 65920 98560 106496 131168 139296 196672 204800
1 2051 2054 4108 4120 6148 8240 12304 14336 17409 18433 26624 33536 34304 50176 57344 65920 98560 106496 131168 131264 139296 196736 204800
1 2051 2054 4108 4120 6148 8240 12304 14336 17409 18433 26624 33536 34304 50176 65632 65728 73760 90112 114688 131456 164096 196736 229376
2 2051 2054 4108 4120 6148 8240 12304 14336 17409 18433 26624 33536 34304 50176 65632 73760 90112 114688 131264 131456 164096 196672 229376
1 2051 2054 4108 4120 6148 8240 12304 14336 17409 18433 26624 33536 34304 50176 65728 65920 73792 90112 98560 114688 131168 139296 139328
1 2051 2054 4108 4120 6148 8240 12304 14336 17409 18433 26624 33536 34304 50176 65728 65920 90112 98560 114688 131168 139296 196672 204800
1 2051 2054 4108 4120 6148 8240 12304 14336 17409 18433 26624 33536 34304 50176 65728 65920 98560 114688 131168 139296 155648 196672 212992
1 2051 2054 4108 4120 6148 8240 12304 14336 17409 18433 26624 33536 34304 50176 65920 90112 98560 114688 131168 131264 139296 196736 204800
1 2051 2054 4108 4120 6148 8240 12304 14336 17409 18433 26624 33536 34304 50176 65920 98560 114688 131168 131264 139296 155648 196736 212992
1 2051 2054 4108 4120 6148 8240 12304 14336 17409 18433 26624 34304 49664 50176 65920 66304 82432 90112 131168 131264 139296 196736 204800
1 2051 2054 4108 4120 6148 8240 12304 14336 17409 18433 26624 34304 49664 50176 65920 66304 82432 131168 131264 139296 155648 196736 212992
2 2051 2054 4108 4120 6148 8240 12304 14336 17409 18433 26624 34304 50176 57344 65920 66304 98816 106496 131168 131264 139296 196736 204800
1 2051 2054 4108 4120 6148 8240 12304 14336 17409 18433 26624 34304 50176 65920 66304 90112 98816 114688 131168 131264 139296 196736 204800
1 2051 2054 4108 4120 6148 8240 12304 14336 17409 18433 26624 34304 50176 65920 66304 98816 114688 131168 131264 139296 155648 196736 212992
2 2051 2054 4108 4120 6148 8240 12304 14336 18433 26624 33793 34304 49153 49664 65920 66304 82432 90112 131168 131264 139296 196736 204800
1 2051 2054 4108 4120 6148 8240 12304 14336 18433 26624 33793 34304 49153 49664 65920 66304 82432 131168 131264 139296 155648 196736 212992
1 2051 2054 4108 4120 6148 8240 12304 16480 16576 22528 24608 28672 33152 33536 49280 51200 66561 67585 98816 100352 132608 197120 197632
1 2051 2054 4108 4120 6148 8240 12304 16480 16576 22528 24608 28672 33152 33536 49280 51200 67072 67585 98816 100352 132097 196609 197632
1 2051 2054 4108 4120 6148 8240 12304 16480 16576 22528 24608 28672 33152 33536 49280 51200 67072 98816 100352 132097 133121 197632 198656
1 2051 2054 4108 4120 6148 8240 12304 16480 16576 22528 24608 28672 33152 33536 49280 51200 67072 98816 132097 133121 165888 197632 229376
1 2051 2054 4108 4120 6148 8240 12304 16480 16576 22528 24608 28672 33152 33536 49280 51200 67585 98816 100352 132097 132608 196609 197120
1 2051 2054 4108 4120 6148 8240 12304 16480 16576 22528 24608 28672 33152 33536 49280 66561 67585 83968 98816 114688 132608 197120 197632
1 2051 2054 4108 4120 6148 8240 12304 16480 16576 22528 24608 28672 33152 33536 49280 67072 98816 132097 133121 149504 180224 197632 229376
1 2051 2054 4108 4120 6148 8240 12304 16480 16576 22528 24608 28672 33152 33536 49280 67585 83968 98816 114688 132097 132608 196609 197120
1 2051 2054 4108 4120 6148 8240 12304 16480 16576 22528 24608 28672 33152 49280 51200 66304 67072 98560 100352 132097 133121 197632 198656
1 2051 2054 4108 4120 6148 8240 12304 16480 16576 22528 24608 28672 33152 49280 51200 66304 67072 98560 132097 133121 165888 197632 229376
1 2051 2054 4108 4120 6148 8240 12304 16480 16576 22528 24608 28672 33152 49280 66304 67072 83968 98560 114688 132097 133121 197632 198656
1 2051 2054 4108 4120 6148 8240 12304 16480 16576 22528 24608 28672 33152 49280 66304 67072 98560 114688 132097 133121 149504 197632 212992
1 2051 2054 4108 4120 6148 8240 12304 16480 16576 22528 24608 28672 33152 49280 66304 67072 98560 132097 133121 149504 180224 197632 229376
2 2051 2054 4108 4120 6148 8240 12304 16480 16576 24608 28672 33152 33536 49280 67585 71680 86016 98816 114688 132097 132608 196609 197120
2 2051 2054 4108 4120 6148 8240 12304 16480 16576 24608 28672 33152 38912 49280 53248 66304 67072 98560 100352 132097 133121 197632 198656
1 2051 2054 4108 4120 6148 8240 12304 16480 16576 24608 28672 33152 38912 49280 53248 66304 67072 98560 132097 133121 165888 197632 229376
2 2051 2054 4108 4120 6148 8240 12304 16768 22528 28672 32864 32960 40992 49280 57344 66304 67072 82176 132097 133121 149504 197632 212992
2 2051 2054 4108 4120 6148 8240 12304 18433 22528 28672 32864 32960 40992 57344 65920 66304 82432 98432 114688 132097 132608 147457 147968
