6 7 28 224 896 7168 28672 32773 49153 53248 66176 67072 70656 102400 131092 131120 131232 163844 196736 229376
1 7 28 224 896 7168 32773 45056 49153 57344 66176 67072 70656 102400 131092 131120 131232 163844 196736 229376
2 7 28 224 896 32773 45056 49153 57344 66176 67072 68608 71680 102400 131092 131120 131232 163844 196736 229376
1 7 28 224 7168 32773 45056 49153 57344 65920 66304 67072 70656 102400 131092 131120 131232 163844 196736 229376
2 7 28 224 28672 32773 49153 53248 65920 66304 67072 68608 71680 102400 131092 131120 131232 163844 196736 229376
1 7 28 224 32773 45056 49153 57344 65920 66304 67072 68608 71680 102400 131092 131120 131232 163844 196736 229376
2 7 28 896 7168 32773 45056 49153 57344 66176 67072 70656 102400 131092 131120 131168 131264 163844 196736 229376
1 7 28 896 32773 45056 49153 57344 66176 67072 68608 71680 102400 131092 131120 131168 131264 163844 196736 229376
2 7 28 32773 45056 49153 57344 65920 66304 67072 68608 71680 102400 131092 131120 131168 131264 163844 196736 229376
1 7 56 1792 32773 32780 32808 68608 71680 77824 81921 90112 98305 131168 131264 131456 132352 163872 197632 229376
2 7 56 32773 32780 32808 68608 71680 77824 81921 90112 98305 131168 131264 131456 131840 132608 163872 197632 229376
3 7 224 7168 32773 32780 32792 32816 70656 77824 81921 90112 98305 131232 131456 131840 132608 163872 197632 229376
1 7 224 32773 32780 32792 32816 68608 71680 77824 81921 90112 98305 131232 131456 131840 132608 163872 197632 229376
2 7 896 32773 45056 49153 57344 66176 67072 68608 71680 102400 131084 131096 131120 131168 131264 163844 196736 229376
1 7 32773 32780 32792 32816 68608 71680 77824 81921 90112 98305 131168 131264 131456 131840 132608 163872 197632 229376
6 32771 32774 32780 32792 32816 65632 65728 65920 66304 67072 98336 134144 137216 143360 147457 155648 163841 197632 229376
