1 2051 2054 2060 4120 4144 4192 6152 8384 8576 12352 14336 17152 17920 24832 26624 33793 34817 50176 83968 100352 114688
1 2051 2054 2060 4120 4144 4192 6152 8384 8576 12352 14336 17152 17920 24832 26624 33793 50176 51200 67585 98305 100352
1 2051 2054 2060 4120 4144 4192 6152 8384 8576 12352 14336 17152 17920 24832 26624 33793 50176 67585 83968 98305 114688
1 2051 2054 2060 4120 4144 4192 6152 8384 8576 12352 14336 17152 17920 24832 26624 34817 50176 51200 66561 98305 99328
1 2051 2054 2060 4120 4144 4192 6152 8384 8576 12352 14336 17152 17920 24832 26624 50176 51200 66561 67585 99328 100352
1 2051 2054 2060 4120 4144 4192 6152 8384 8576 12352 14336 17152 17920 24832 26624 50176 66561 67585 83968 99328 114688
1 2051 2054 2060 4120 4144 4192 6152 8384 8576 12352 14336 17152 17920 24832 33793 34817 43008 50176 90112 106496 114688
1 2051 2054 2060 4120 4144 4192 6152 8384 8576 12352 14336 17152 17920 24832 33793 34817 50176 51200 75776 83968 90112
1 2051 2054 2060 4120 4144 4192 6152 8384 8576 12352 14336 17152 17920 24832 33793 34817 50176 57344 75776 100352 106496
1 2051 2054 2060 4120 4144 4192 6152 8384 8576 12352 14336 17152 17920 24832 33793 34817 50176 75776 90112 100352 114688
1 2051 2054 2060 4120 4144 4192 6152 8384 8576 12352 14336 17152 17920 24832 33793 43008 50176 57344 67585 98305 100352
1 2051 2054 2060 4120 4144 4192 6152 8384 8576 12352 14336 17152 17920 24832 33793 50176 57344 67585 75776 98305 106496
1 2051 2054 2060 4120 4144 4192 6152 8384 8576 12352 14336 17152 17920 24832 33793 50176 67585 75776 90112 98305 114688
1 2051 2054 2060 4120 4144 4192 6152 8384 8576 12352 14336 17152 17920 24832 34817 43008 50176 57344 66561 98305 99328
1 2051 2054 2060 4120 4144 4192 6152 8384 8576 12352 14336 17152 17920 24832 43008 50176 57344 66561 67585 99328 100352
1 2051 2054 2060 4120 4144 4192 6152 8384 8576 12352 14336 17152 17920 24832 50176 57344 66561 67585 75776 99328 106496
1 2051 2054 2060 4120 4144 4192 6152 8384 8576 12352 14336 17152 17920 24832 50176 66561 67585 75776 90112 99328 114688
1 2051 2054 2060 4120 4144 4192 6152 8384 8576 12352 14336 17152 24832 26624 33793 34304 34817 49664 83968 100352 114688
1 2051 2054 2060 4120 4144 4192 6152 8384 8576 12352 14336 17152 24832 26624 33793 34304 49664 51200 67585 98305 100352
1 2051 2054 2060 4120 4144 4192 6152 8384 8576 12352 14336 17152 24832 26624 33793 34304 49664 67585 83968 98305 114688
1 2051 2054 2060 4120 4144 4192 6152 8384 8576 12352 14336 17152 24832 26624 33793 34817 49664 51200 67072 98816 99328
1 2051 2054 2060 4120 4144 4192 6152 8384 8576 12352 14336 17152 24832 26624 34304 34817 49664 51200 66561 98305 99328
1 2051 2054 2060 4120 4144 4192 6152 8384 8576 12352 14336 17152 24832 26624 34304 49664 50176 66561 67585 82944 83968
1 2051 2054 2060 4120 4144 4192 6152 8384 8576 12352 14336 17152 24832 26624 34304 49664 51200 66561 67585 99328 100352
1 2051 2054 2060 4120 4144 4192 6152 8384 8576 12352 14336 17152 24832 26624 34304 49664 66561 67585 83968 99328 114688
1 2051 2054 2060 4120 4144 4192 6152 8384 8576 12352 14336 17152 24832 26624 34817 49664 51200 66561 67072 98305 98816
1 2051 2054 2060 4120 4144 4192 6152 8384 8576 12352 14336 17152 24832 26624 49664 51200 66561 67072 67585 98816 100352
1 2051 2054 2060 4120 4144 4192 6152 8384 8576 12352 14336 17152 24832 26624 49664 66561 67072 67585 83968 98816 114688
1 2051 2054 2060 4120 4144 4192 6152 8384 8576 12352 14336 17152 24832 33793 34304 34817 43008 49664 90112 106496 114688
1 2051 2054 2060 4120 4144 4192 6152 8384 8576 12352 14336 17152 24832 33793 34304 34817 49664 51200 75776 83968 90112
1 2051 2054 2060 4120 4144 4192 6152 8384 8576 12352 14336 17152 24832 33793 34304 34817 49664 57344 75776 100352 106496
1 2051 2054 2060 4120 4144 4192 6152 8384 8576 12352 14336 17152 24832 33793 34304 34817 49664 75776 90112 100352 114688
1 2051 2054 2060 4120 4144 4192 6152 8384 8576 12352 14336 17152 24832 33793 34304 43008 49664 57344 67585 98305 100352
1 2051 2054 2060 4120 4144 4192 6152 8384 8576 12352 14336 17152 24832 33793 34304 49664 57344 67585 75776 98305 106496
1 2051 2054 2060 4120 4144 4192 6152 8384 8576 12352 14336 17152 24832 33793 34304 49664 67585 75776 90112 98305 114688
1 2051 2054 2060 4120 4144 4192 6152 8384 8576 12352 14336 17152 24832 33793 34817 43008 49664 57344 67072 98816 99328
1 2051 2054 2060 4120 4144 4192 6152 8384 8576 12352 14336 17152 24832 34304 34817 43008 49664 57344 66561 98305 99328
1 2051 2054 2060 4120 4144 4192 6152 8384 8576 12352 14336 17152 24832 34304 43008 49664 57344 66561 67585 99328 100352
1 2051 2054 2060 4120 4144 4192 6152 8384 8576 12352 14336 17152 24832 34304 49664 50176 66561 67585 75776 82944 90112
1 2051 2054 2060 4120 4144 4192 6152 8384 8576 12352 14336 17152 24832 34304 49664 57344 66561 67585 75776 99328 106496
1 2051 2054 2060 4120 4144 4192 6152 8384 8576 12352 14336 17152 24832 34304 49664 66561 67585 75776 90112 99328 114688
1 2051 2054 2060 4120 4144 4192 6152 8384 8576 12352 14336 17152 24832 34817 43008 49664 57344 66561 67072 98305 98816
1 2051 2054 2060 4120 4144 4192 6152 8384 8576 12352 14336 17152 24832 43008 49664 57344 66561 67072 67585 98816 100352
1 2051 2054 2060 4120 4144 4192 6152 8384 8576 12352 14336 17152 24832 49664 57344 66561 67072 67585 75776 98816 106496
1 2051 2054 2060 4120 4144 4192 6152 8384 8576 12352 14336 17152 24832 49664 66561 67072 67585 75776 90112 98816 114688
1 2051 2054 2060 4120 4144 4192 6152 8384 8576 12352 14336 17920 24832 26624 33536 49408 49664 66561 67585 82944 83968
1 2051 2054 2060 4120 4144 4192 6152 8384 8576 12352 14336 17920 24832 33536 49408 49664 66561 67585 75776 82944 90112
1 2051 2054 2060 4120 4144 4192 6152 8384 8576 12352 14336 24832 26624 33536 34304 49408 50176 66561 67585 82944 83968
1 2051 2054 2060 4120 4144 4192 6152 8384 8576 12352 14336 24832 26624 33536 34304 49408 51200 66561 67585 99328 100352
1 2051 2054 2060 4120 4144 4192 6152 8384 8576 12352 14336 24832 26624 33536 34304 49408 66561 67585 83968 99328 114688
1 2051 2054 2060 4120 4144 4192 6152 8384 8576 12352 14336 24832 26624 33536 49408 49664 66561 67072 67585 82432 83968
1 2051 2054 2060 4120 4144 4192 6152 8384 8576 12352 14336 24832 26624 33536 49408 51200 66561 67072 67585 98816 100352
1 2051 2054 2060 4120 4144 4192 6152 8384 8576 12352 14336 24832 26624 33536 49408 66561 67072 67585 83968 98816 114688
1 2051 2054 2060 4120 4144 4192 6152 8384 8576 12352 14336 24832 33536 34304 43008 49408 57344 66561 67585 99328 100352
1 2051 2054 2060 4120 4144 4192 6152 8384 8576 12352 14336 24832 33536 34304 49408 50176 66561 67585 75776 82944 90112
1 2051 2054 2060 4120 4144 4192 6152 8384 8576 12352 14336 24832 33536 34304 49408 57344 66561 67585 75776 99328 106496
1 2051 2054 2060 4120 4144 4192 6152 8384 8576 12352 14336 24832 33536 34304 49408 66561 67585 75776 90112 99328 114688
1 2051 2054 2060 4120 4144 4192 6152 8384 8576 12352 14336 24832 33536 43008 49408 57344 66561 67072 67585 98816 100352
1 2051 2054 2060 4120 4144 4192 6152 8384 8576 12352 14336 24832 33536 49408 49664 66561 67072 67585 75776 82432 90112
1 2051 2054 2060 4120 4144 4192 6152 8384 8576 12352 14336 24832 33536 49408 57344 66561 67072 67585 75776 98816 106496
1 2051 2054 2060 4120 4144 4192 6152 8384 8576 12352 14336 24832 33536 49408 66561 67072 67585 75776 90112 98816 114688
1 2051 2054 2060 4120 4144 4192 6152 8384 8576 14336 20544 24640 28672 33536 34304 41216 43008 66561 67585 99328 100352
1 2051 2054 2060 4120 4144 4192 6152 8384 8576 14336 20544 24640 28672 33536 34304 41216 66561 67585 75776 99328 106496
1 2051 2054 2060 4120 4144 4192 6152 8384 8576 14336 20544 24640 28672 33536 41216 43008 66561 67072 67585 98816 100352
1 2051 2054 2060 4120 4144 4192 6152 8384 8576 14336 20544 24640 28672 33536 41216 66561 67072 67585 75776 98816 106496
1 2051 2054 2060 4120 4144 4192 6152 8384 12352 14336 16768 17152 24704 26624 33793 34304 34817 51200 82432 98816 114688
1 2051 2054 2060 4120 4144 4192 6152 8384 12352 14336 16768 17152 24704 26624 33793 34304 49664 51200 67585 98305 100352
1 2051 2054 2060 4120 4144 4192 6152 8384 12352 14336 16768 17152 24704 26624 33793 34817 49664 51200 67072 98816 99328
1 2051 2054 2060 4120 4144 4192 6152 8384 12352 14336 16768 17152 24704 26624 33793 34817 51200 67072 82432 99328 114688
1 2051 2054 2060 4120 4144 4192 6152 8384 12352 14336 16768 17152 24704 26624 34304 34817 49664 51200 66561 98305 99328
1 2051 2054 2060 4120 4144 4192 6152 8384 12352 14336 16768 17152 24704 26624 34304 49664 51200 66561 67585 99328 100352
1 2051 2054 2060 4120 4144 4192 6152 8384 12352 14336 16768 17152 24704 26624 34817 49664 51200 66561 67072 98305 98816
1 2051 2054 2060 4120 4144 4192 6152 8384 12352 14336 16768 17152 24704 26624 34817 51200 66561 67072 82432 98305 114688
1 2051 2054 2060 4120 4144 4192 6152 8384 12352 14336 16768 17152 24704 26624 49664 51200 66561 67072 67585 98816 100352
1 2051 2054 2060 4120 4144 4192 6152 8384 12352 14336 16768 17152 24704 26624 51200 66561 67072 67585 82432 100352 114688
1 2051 2054 2060 4120 4144 4192 6152 8384 12352 14336 16768 17152 24704 33793 34304 34817 43008 57344 82432 98816 114688
1 2051 2054 2060 4120 4144 4192 6152 8384 12352 14336 16768 17152 24704 33793 34304 34817 49664 57344 75776 100352 106496
1 2051 2054 2060 4120 4144 4192 6152 8384 12352 14336 16768 17152 24704 33793 34304 43008 49664 57344 67585 98305 100352
1 2051 2054 2060 4120 4144 4192 6152 8384 12352 14336 16768 17152 24704 33793 34304 49664 57344 67585 75776 98305 106496
1 2051 2054 2060 4120 4144 4192 6152 8384 12352 14336 16768 17152 24704 33793 34817 43008 49664 57344 67072 98816 99328
1 2051 2054 2060 4120 4144 4192 6152 8384 12352 14336 16768 17152 24704 33793 34817 43008 57344 67072 82432 99328 114688
1 2051 2054 2060 4120 4144 4192 6152 8384 12352 14336 16768 17152 24704 34304 34817 43008 49664 57344 66561 98305 99328
1 2051 2054 2060 4120 4144 4192 6152 8384 12352 14336 16768 17152 24704 34304 43008 49664 57344 66561 67585 99328 100352
1 2051 2054 2060 4120 4144 4192 6152 8384 12352 14336 16768 17152 24704 34304 49664 57344 66561 67585 75776 99328 106496
1 2051 2054 2060 4120 4144 4192 6152 8384 12352 14336 16768 17152 24704 34817 43008 49664 57344 66561 67072 98305 98816
1 2051 2054 2060 4120 4144 4192 6152 8384 12352 14336 16768 17152 24704 34817 43008 57344 66561 67072 82432 98305 114688
1 2051 2054 2060 4120 4144 4192 6152 8384 12352 14336 16768 17152 24704 43008 49664 57344 66561 67072 67585 98816 100352
1 2051 2054 2060 4120 4144 4192 6152 8384 12352 14336 16768 17152 24704 43008 51200 57344 66561 67072 67585 82432 83968
1 2051 2054 2060 4120 4144 4192 6152 8384 12352 14336 16768 17152 24704 43008 57344 66561 67072 67585 82432 100352 114688
1 2051 2054 2060 4120 4144 4192 6152 8384 12352 14336 16768 17152 24704 49664 57344 66561 67072 67585 75776 98816 106496
1 2051 2054 2060 4120 4144 4192 6152 8384 12352 14336 16768 17152 24704 57344 66561 67072 67585 75776 82432 106496 114688
1 2051 2054 2060 4120 4144 4192 6152 8384 12352 14336 16768 24704 24832 33536 34304 41216 43008 66561 67585 99328 100352
1 2051 2054 2060 4120 4144 4192 6152 8384 12352 14336 16768 24704 24832 33536 34304 41216 66561 67585 75776 99328 106496
1 2051 2054 2060 4120 4144 4192 6152 8384 12352 14336 16768 24704 24832 33536 41216 43008 66561 67072 67585 98816 100352
1 2051 2054 2060 4120 4144 4192 6152 8384 12352 14336 16768 24704 24832 33536 41216 66561 67072 67585 75776 98816 106496
1 2051 2054 2060 4120 4144 4192 6152 8384 12352 14336 16768 24704 26624 33536 34304 49408 51200 66561 67585 99328 100352
1 2051 2054 2060 4120 4144 4192 6152 8384 12352 14336 16768 24704 26624 33536 49408 51200 66561 67072 67585 98816 100352
1 2051 2054 2060 4120 4144 4192 6152 8384 12352 14336 16768 24704 26624 33793 34304 34817 49664 51200 66304 82176 82432
1 2051 2054 2060 4120 4144 4192 6152 8384 12352 14336 16768 24704 26624 33793 34304 34817 51200 66304 82176 98816 114688
1 2051 2054 2060 4120 4144 4192 6152 8384 12352 14336 16768 24704 26624 33793 34817 51200 66304 67072 82176 99328 114688
1 2051 2054 2060 4120 4144 4192 6152 8384 12352 14336 16768 24704 33536 34304 43008 49408 57344 66561 67585 99328 100352
1 2051 2054 2060 4120 4144 4192 6152 8384 12352 14336 16768 24704 33536 34304 49408 57344 66561 67585 75776 99328 106496
1 2051 2054 2060 4120 4144 4192 6152 8384 12352 14336 16768 24704 33536 43008 49408 57344 66561 67072 67585 98816 100352
1 2051 2054 2060 4120 4144 4192 6152 8384 12352 14336 16768 24704 33536 49408 57344 66561 67072 67585 75776 98816 106496
1 2051 2054 2060 4120 4144 4192 6152 8384 12352 14336 16768 24704 33793 34304 34817 43008 49664 57344 66304 82176 82432
1 2051 2054 2060 4120 4144 4192 6152 8384 12352 14336 16768 24704 33793 34304 34817 43008 57344 66304 82176 98816 114688
1 2051 2054 2060 4120 4144 4192 6152 8384 12352 14336 16768 24704 33793 34817 43008 57344 66304 67072 82176 99328 114688
1 2051 2054 2060 4120 4144 4192 6152 8384 12352 14336 17152 24704 26624 33793 34304 34817 49664 51200 65920 82048 82176
1 2051 2054 2060 4120 4144 4192 6152 8384 12352 14336 17152 24704 33793 34304 34817 43008 49664 57344 65920 82048 82176
1 2051 2054 2060 4120 4144 4192 6152 8384 12352 14336 24704 26624 33152 33536 49280 51200 66561 67072 67585 98816 100352
1 2051 2054 2060 4120 4144 4192 6152 8384 12352 14336 24704 26624 33793 34304 34817 49664 51200 65920 66304 82048 82432
1 2051 2054 2060 4120 4144 4192 6152 8384 12352 14336 24704 26624 33793 34304 34817 51200 65920 66304 82048 98816 114688
1 2051 2054 2060 4120 4144 4192 6152 8384 12352 14336 24704 33152 33536 43008 49280 57344 66561 67072 67585 98816 100352
1 2051 2054 2060 4120 4144 4192 6152 8384 12352 14336 24704 33152 33536 49280 57344 66561 67072 67585 75776 98816 106496
1 2051 2054 2060 4120 4144 4192 6152 8384 12352 14336 24704 33793 34304 34817 43008 49664 57344 65920 66304 82048 82432
1 2051 2054 2060 4120 4144 4192 6152 8384 12352 14336 24704 33793 34304 34817 43008 57344 65920 66304 82048 98816 114688
1 2051 2054 2060 4120 4144 4192 6152 8384 14336 20544 24640 28672 33152 33536 41088 43008 66561 67072 67585 98816 100352
1 2051 2054 2060 4120 4144 4192 6152 8384 14336 20544 24640 28672 33152 33536 41088 66561 67072 67585 75776 98816 106496
1 2051 2054 2060 4120 4144 4192 6152 8576 8960 14336 16576 20544 24704 28672 33793 34304 34817 41472 75776 100352 106496
1 2051 2054 2060 4120 4144 4192 6152 8576 8960 14336 16576 20544 24704 28672 33793 34304 41472 43008 67585 98305 100352
1 2051 2054 2060 4120 4144 4192 6152 8576 8960 14336 16576 20544 24704 28672 33793 34304 41472 67585 75776 98305 106496
1 2051 2054 2060 4120 4144 4192 6152 8576 8960 14336 16576 20544 24704 28672 33793 34817 41472 43008 67072 98816 99328
1 2051 2054 2060 4120 4144 4192 6152 8576 8960 14336 16576 20544 24704 28672 34304 34817 41472 43008 66561 98305 99328
1 2051 2054 2060 4120 4144 4192 6152 8576 8960 14336 16576 20544 24704 28672 34304 41472 43008 66561 67585 99328 100352
1 2051 2054 2060 4120 4144 4192 6152 8576 8960 14336 16576 20544 24704 28672 34304 41472 66561 67585 75776 99328 106496
1 2051 2054 2060 4120 4144 4192 6152 8576 8960 14336 16576 20544 24704 28672 34817 41472 43008 66561 67072 98305 98816
1 2051 2054 2060 4120 4144 4192 6152 8576 8960 14336 16576 20544 24704 28672 41472 43008 66561 67072 67585 98816 100352
1 2051 2054 2060 4120 4144 4192 6152 8576 8960 14336 16576 20544 24704 28672 41472 66561 67072 67585 75776 98816 106496
1 2051 2054 2060 4120 4144 4192 6152 8576 8960 14336 16576 20544 28672 41088 49280 57344 66561 67072 67585 74240 75776
1 2051 2054 2060 4120 4144 4192 6152 8576 8960 14336 16576 24704 28672 36928 49216 53248 66561 67072 67585 74240 75776
1 2051 2054 2060 4120 4144 4192 6152 8576 8960 14336 20544 24704 28672 32960 49216 49280 66561 67072 67585 74240 75776
1 2051 2054 2060 4120 4144 4192 6152 8576 8960 14336 20544 28672 32960 41088 49216 57344 66561 67072 67585 74240 75776
1 2051 2054 2060 4120 4144 4192 6152 8576 8960 14336 24704 28672 32960 36928 49280 53248 66561 67072 67585 74240 75776
1 2051 2054 2060 4120 4144 4192 6152 8576 8960 14336 28672 32960 36928 41088 53248 57344 66561 67072 67585 74240 75776
1 2051 2054 2060 4120 4144 4192 6152 8576 12352 14336 16576 24640 24704 33536 34304 41216 43008 66561 67585 99328 100352
1 2051 2054 2060 4120 4144 4192 6152 8576 12352 14336 16576 24640 24704 33536 34304 41216 66561 67585 75776 99328 106496
1 2051 2054 2060 4120 4144 4192 6152 8576 12352 14336 16576 24640 24704 33536 41216 43008 66561 67072 67585 98816 100352
1 2051 2054 2060 4120 4144 4192 6152 8576 12352 14336 16576 24640 24704 33536 41216 66561 67072 67585 75776 98816 106496
1 2051 2054 2060 4120 4144 4192 6152 8576 14336 16576 20544 24704 28672 33536 34304 41216 43008 66561 67585 99328 100352
1 2051 2054 2060 4120 4144 4192 6152 8576 14336 16576 20544 24704 28672 33536 34304 41216 66561 67585 75776 99328 106496
1 2051 2054 2060 4120 4144 4192 6152 8576 14336 16576 20544 24704 28672 33536 41216 41472 66561 67072 67585 74240 75776
1 2051 2054 2060 4120 4144 4192 6152 8576 14336 16576 20544 24704 28672 33536 41216 43008 66561 67072 67585 98816 100352
1 2051 2054 2060 4120 4144 4192 6152 8576 14336 16576 20544 24704 28672 33536 41216 66561 67072 67585 75776 98816 106496
1 2051 2054 2060 4120 4144 4192 6152 8960 14336 16576 16768 20544 24832 28672 33793 34304 34817 41472 75776 100352 106496
1 2051 2054 2060 4120 4144 4192 6152 8960 14336 16576 16768 20544 24832 28672 33793 34304 41472 43008 67585 98305 100352
1 2051 2054 2060 4120 4144 4192 6152 8960 14336 16576 16768 20544 24832 28672 33793 34304 41472 67585 75776 98305 106496
1 2051 2054 2060 4120 4144 4192 6152 8960 14336 16576 16768 20544 24832 28672 33793 34817 41472 43008 67072 98816 99328
1 2051 2054 2060 4120 4144 4192 6152 8960 14336 16576 16768 20544 24832 28672 34304 34817 41472 43008 66561 98305 99328
1 2051 2054 2060 4120 4144 4192 6152 8960 14336 16576 16768 20544 24832 28672 34304 41472 41984 66561 67585 74752 75776
1 2051 2054 2060 4120 4144 4192 6152 8960 14336 16576 16768 20544 24832 28672 34304 41472 43008 66561 67585 99328 100352
1 2051 2054 2060 4120 4144 4192 6152 8960 14336 16576 16768 20544 24832 28672 34304 41472 66561 67585 75776 99328 106496
1 2051 2054 2060 4120 4144 4192 6152 8960 14336 16576 16768 20544 24832 28672 34817 41472 43008 66561 67072 98305 98816
1 2051 2054 2060 4120 4144 4192 6152 8960 14336 16576 16768 20544 24832 28672 41472 43008 66561 67072 67585 98816 100352
1 2051 2054 2060 4120 4144 4192 6152 8960 14336 16576 16768 20544 24832 28672 41472 66561 67072 67585 75776 98816 106496
1 2051 2054 2060 4120 4144 4192 6152 10241 14336 16576 16768 20544 28672 33536 34304 41984 49408 57344 66561 73729 74752
1 2051 2054 2060 4120 4144 4192 6152 10241 14336 16576 16768 20544 28672 33536 34304 49408 57344 66561 73729 99328 106496
1 2051 2054 2060 4120 4144 4192 6152 10241 14336 16576 16768 20544 28672 33536 41472 49408 57344 66561 67072 73729 74240
1 2051 2054 2060 4120 4144 4192 6152 10241 14336 16576 16768 20544 28672 33536 49408 57344 66561 67072 73729 98816 106496
1 2051 2054 2060 4120 4144 4192 6152 10241 14336 16576 16768 20544 28672 33793 34304 40961 57344 66304 82176 98816 114688
1 2051 2054 2060 4120 4144 4192 6152 10241 14336 16576 16768 20544 28672 33793 40961 57344 66304 67072 82176 99328 114688
1 2051 2054 2060 4120 4144 4192 6152 10241 14336 16576 20544 28672 33152 33536 41472 49280 57344 66561 67072 73729 74240
1 2051 2054 2060 4120 4144 4192 6152 10241 14336 16576 20544 28672 33152 33536 49280 57344 66561 67072 73729 98816 106496
1 2051 2054 2060 4120 4144 4192 6152 10241 14336 16576 20544 28672 33793 34304 40961 57344 65920 66304 82048 98816 114688
1 2051 2054 2060 4120 4144 4192 6152 10241 14336 16768 17152 25088 28672 32960 36928 49280 53248 66561 67072 73729 74240
1 2051 2054 2060 4120 4144 4192 6152 10241 14336 16768 17152 28672 33793 34304 40961 49664 57344 65728 69696 82048 86016
1 2051 2054 2060 4120 4144 4192 6152 10241 14336 17152 17920 25600 28672 32960 33152 36928 49408 53248 66561 73729 74752
1 2051 2054 2060 4120 4144 4192 6152 10241 14336 17152 17920 28672 33793 40961 50176 57344 65728 65920 69696 82176 86016
1 2051 2054 2060 4120 4144 4192 6152 10241 14336 17152 25088 28672 32960 33152 36928 49408 53248 66561 67072 73729 74240
1 2051 2054 2060 4120 4144 4192 6152 10241 14336 17152 28672 33793 34304 40961 49664 57344 65728 65920 69696 82176 86016
1 2051 2054 2060 4120 4144 4192 6152 10241 14336 17409 17920 24577 28672 33152 33536 49664 53248 65728 69696 98432 102400
1 2051 2054 2060 4120 4144 4192 6152 10241 14336 17409 17920 24577 28672 33152 33536 49664 65728 69696 86016 98432 114688
1 2051 2054 2060 4120 4144 4192 6152 10241 14336 17409 17920 24577 28672 33536 49664 53248 65728 65920 69696 98560 102400
1 2051 2054 2060 4120 4144 4192 6152 10241 14336 17409 17920 24577 28672 33536 49664 65728 65920 69696 86016 98560 114688
1 2051 2054 2060 4120 4144 4192 6152 10241 14336 17409 24577 28672 33536 34304 50176 53248 65728 65920 69696 98560 102400
1 2051 2054 2060 4120 4144 4192 6152 10241 14336 17409 24577 28672 33536 34304 50176 65728 65920 69696 86016 98560 114688
1 2051 2054 2060 4120 4144 4192 6152 14336 16576 16768 20544 24832 28672 33536 34304 41216 41984 66561 67585 74752 75776
1 2051 2054 2060 4120 4144 4192 6152 14336 16576 16768 20544 24832 28672 33536 34304 41216 43008 66561 67585 99328 100352
1 2051 2054 2060 4120 4144 4192 6152 14336 16576 16768 20544 24832 28672 33536 34304 41216 66561 67585 75776 99328 106496
2 2051 2054 2060 4120 4144 4192 6152 14336 16576 16768 20544 24832 28672 33536 41216 41472 66561 67072 67585 74240 75776
1 2051 2054 2060 4120 4144 4192 6152 14336 16576 16768 20544 24832 28672 33536 41216 43008 66561 67072 67585 98816 100352
1 2051 2054 2060 4120 4144 4192 6152 14336 16576 16768 20544 24832 28672 33536 41216 66561 67072 67585 75776 98816 106496
1 2051 2054 2060 4120 4144 4192 6152 14336 16576 16768 20544 26624 28672 33536 34304 49408 51200 66561 67585 99328 100352
1 2051 2054 2060 4120 4144 4192 6152 14336 16576 16768 20544 26624 28672 33536 49408 51200 66561 67072 67585 98816 100352
1 2051 2054 2060 4120 4144 4192 6152 14336 16576 16768 20544 26624 28672 33793 34304 34817 51200 66304 82176 98816 114688
1 2051 2054 2060 4120 4144 4192 6152 14336 16576 16768 20544 26624 28672 33793 34817 51200 66304 67072 82176 99328 114688
1 2051 2054 2060 4120 4144 4192 6152 14336 16576 16768 20544 28672 33536 34304 41984 49408 57344 66561 67585 74752 75776
1 2051 2054 2060 4120 4144 4192 6152 14336 16576 16768 20544 28672 33536 34304 43008 49408 57344 66561 67585 99328 100352
1 2051 2054 2060 4120 4144 4192 6152 14336 16576 16768 20544 28672 33536 34304 49408 57344 66561 67585 75776 99328 106496
1 2051 2054 2060 4120 4144 4192 6152 14336 16576 16768 20544 28672 33536 43008 49408 57344 66561 67072 67585 98816 100352
2 2051 2054 2060 4120 4144 4192 6152 14336 16576 16768 20544 28672 33536 49408 57344 66561 67072 67585 75776 98816 106496
2 2051 2054 2060 4120 4144 4192 6152 14336 16576 16768 20544 28672 33793 34304 34817 43008 57344 66304 82176 98816 114688
1 2051 2054 2060 4120 4144 4192 6152 14336 16576 16768 20544 28672 33793 34817 43008 57344 66304 67072 82176 99328 114688
1 2051 2054 2060 4120 4144 4192 6152 14336 16576 20544 24704 28672 33152 33536 41088 43008 66561 67072 67585 98816 100352
1 2051 2054 2060 4120 4144 4192 6152 14336 16576 20544 26624 28672 33152 33536 49280 51200 66561 67072 67585 98816 100352
1 2051 2054 2060 4120 4144 4192 6152 14336 16576 20544 26624 28672 33793 34304 34817 51200 65920 66304 82048 98816 114688
1 2051 2054 2060 4120 4144 4192 6152 14336 16576 20544 28672 33152 33536 43008 49280 57344 66561 67072 67585 98816 100352
1 2051 2054 2060 4120 4144 4192 6152 14336 16768 17152 26624 28672 33793 34304 34817 49664 51200 65728 69696 82048 86016
2 2051 2054 2060 4120 4144 4192 6152 14336 17152 26624 28672 33793 34304 34817 49664 51200 65728 65920 69696 82176 86016
1 2051 2054 2060 4120 4144 6152 8288 8384 12320 14336 16768 17152 24704 26624 33793 34304 34817 49664 83968 100352 114688
1 2051 2054 2060 4120 4144 6152 8288 8384 12320 14336 16768 17152 24704 26624 33793 34304 49664 51200 67585 98305 100352
1 2051 2054 2060 4120 4144 6152 8288 8384 12320 14336 16768 17152 24704 26624 33793 34304 49664 67585 83968 98305 114688
1 2051 2054 2060 4120 4144 6152 8288 8384 12320 14336 16768 17152 24704 26624 33793 34817 49664 51200 67072 98816 99328
1 2051 2054 2060 4120 4144 6152 8288 8384 12320 14336 16768 17152 24704 26624 34304 34817 49664 51200 66561 98305 99328
1 2051 2054 2060 4120 4144 6152 8288 8384 12320 14336 16768 17152 24704 26624 34304 49664 51200 66561 67585 99328 100352
1 2051 2054 2060 4120 4144 6152 8288 8384 12320 14336 16768 17152 24704 26624 34304 49664 66561 67585 83968 99328 114688
1 2051 2054 2060 4120 4144 6152 8288 8384 12320 14336 16768 17152 24704 26624 34817 49664 51200 66561 67072 98305 98816
1 2051 2054 2060 4120 4144 6152 8288 8384 12320 14336 16768 17152 24704 26624 49664 51200 66561 67072 67585 98816 100352
1 2051 2054 2060 4120 4144 6152 8288 8384 12320 14336 16768 17152 24704 26624 49664 66561 67072 67585 83968 98816 114688
1 2051 2054 2060 4120 4144 6152 8288 8384 12320 14336 16768 17152 24704 33793 34304 34817 43008 49664 90112 106496 114688
2 2051 2054 2060 4120 4144 6152 8288 8384 12320 14336 16768 17152 24704 33793 34304 34817 49664 51200 75776 83968 90112
1 2051 2054 2060 4120 4144 6152 8288 8384 12320 14336 16768 17152 24704 33793 34304 34817 49664 57344 75776 100352 106496
1 2051 2054 2060 4120 4144 6152 8288 8384 12320 14336 16768 17152 24704 33793 34304 34817 49664 75776 90112 100352 114688
1 2051 2054 2060 4120 4144 6152 8288 8384 12320 14336 16768 17152 24704 33793 34304 43008 49664 57344 67585 98305 100352
1 2051 2054 2060 4120 4144 6152 8288 8384 12320 14336 16768 17152 24704 33793 34304 49664 57344 67585 75776 98305 106496
1 2051 2054 2060 4120 4144 6152 8288 8384 12320 14336 16768 17152 24704 33793 34304 49664 67585 75776 90112 98305 114688
1 2051 2054 2060 4120 4144 6152 8288 8384 12320 14336 16768 17152 24704 33793 34817 43008 49664 57344 67072 98816 99328
1 2051 2054 2060 4120 4144 6152 8288 8384 12320 14336 16768 17152 24704 34304 34817 43008 49664 57344 66561 98305 99328
1 2051 2054 2060 4120 4144 6152 8288 8384 12320 14336 16768 17152 24704 34304 43008 49664 57344 66561 67585 99328 100352
1 2051 2054 2060 4120 4144 6152 8288 8384 12320 14336 16768 17152 24704 34304 49664 57344 66561 67585 75776 99328 106496
1 2051 2054 2060 4120 4144 6152 8288 8384 12320 14336 16768 17152 24704 34304 49664 66561 67585 75776 90112 99328 114688
1 2051 2054 2060 4120 4144 6152 8288 8384 12320 14336 16768 17152 24704 34817 43008 49664 57344 66561 67072 98305 98816
1 2051 2054 2060 4120 4144 6152 8288 8384 12320 14336 16768 17152 24704 43008 49664 57344 66561 67072 67585 98816 100352
1 2051 2054 2060 4120 4144 6152 8288 8384 12320 14336 16768 17152 24704 49664 57344 66561 67072 67585 75776 98816 106496
1 2051 2054 2060 4120 4144 6152 8288 8384 12320 14336 16768 17152 24704 49664 66561 67072 67585 75776 90112 98816 114688
1 2051 2054 2060 4120 4144 6152 8288 8384 12320 14336 16768 24704 26624 33536 33793 34304 49408 51200 67585 98305 100352
1 2051 2054 2060 4120 4144 6152 8288 8384 12320 14336 16768 24704 26624 33536 33793 34304 49408 67585 83968 98305 114688
1 2051 2054 2060 4120 4144 6152 8288 8384 12320 14336 16768 24704 26624 33536 33793 34817 49408 51200 67072 98816 99328
1 2051 2054 2060 4120 4144 6152 8288 8384 12320 14336 16768 24704 26624 33536 34304 34817 49408 51200 66561 98305 99328
1 2051 2054 2060 4120 4144 6152 8288 8384 12320 14336 16768 24704 26624 33536 34304 49408 51200 66561 67585 99328 100352
1 2051 2054 2060 4120 4144 6152 8288 8384 12320 14336 16768 24704 26624 33536 34304 49408 66561 67585 83968 99328 114688
1 2051 2054 2060 4120 4144 6152 8288 8384 12320 14336 16768 24704 26624 33536 34817 49408 51200 66561 67072 98305 98816
1 2051 2054 2060 4120 4144 6152 8288 8384 12320 14336 16768 24704 26624 33536 49408 49664 66561 67072 67585 82432 83968
1 2051 2054 2060 4120 4144 6152 8288 8384 12320 14336 16768 24704 26624 33536 49408 51200 66561 67072 67585 98816 100352
1 2051 2054 2060 4120 4144 6152 8288 8384 12320 14336 16768 24704 26624 33536 49408 66561 67072 67585 83968 98816 114688
1 2051 2054 2060 4120 4144 6152 8288 8384 12320 14336 16768 24704 26624 33793 34304 34817 49408 51200 66304 98560 98816
1 2051 2054 2060 4120 4144 6152 8288 8384 12320 14336 16768 24704 26624 33793 34817 49408 51200 66304 67072 98560 99328
1 2051 2054 2060 4120 4144 6152 8288 8384 12320 14336 16768 24704 26624 34817 49408 51200 66304 66561 67072 98305 98560
1 2051 2054 2060 4120 4144 6152 8288 8384 12320 14336 16768 24704 33536 33793 34304 43008 49408 57344 67585 98305 100352
1 2051 2054 2060 4120 4144 6152 8288 8384 12320 14336 16768 24704 33536 33793 34304 49408 57344 67585 75776 98305 106496
1 2051 2054 2060 4120 4144 6152 8288 8384 12320 14336 16768 24704 33536 33793 34304 49408 67585 75776 90112 98305 114688
1 2051 2054 2060 4120 4144 6152 8288 8384 12320 14336 16768 24704 33536 33793 34817 43008 49408 57344 67072 98816 99328
1 2051 2054 2060 4120 4144 6152 8288 8384 12320 14336 16768 24704 33536 34304 34817 43008 49408 57344 66561 98305 99328
1 2051 2054 2060 4120 4144 6152 8288 8384 12320 14336 16768 24704 33536 34304 43008 49408 57344 66561 67585 99328 100352
1 2051 2054 2060 4120 4144 6152 8288 8384 12320 14336 16768 24704 33536 34304 49408 57344 66561 67585 75776 99328 106496
1 2051 2054 2060 4120 4144 6152 8288 8384 12320 14336 16768 24704 33536 34304 49408 66561 67585 75776 90112 99328 114688
1 2051 2054 2060 4120 4144 6152 8288 8384 12320 14336 16768 24704 33536 34817 43008 49408 57344 66561 67072 98305 98816
1 2051 2054 2060 4120 4144 6152 8288 8384 12320 14336 16768 24704 33536 43008 49408 57344 66561 67072 67585 98816 100352
1 2051 2054 2060 4120 4144 6152 8288 8384 12320 14336 16768 24704 33536 49408 49664 66561 67072 67585 75776 82432 90112
1 2051 2054 2060 4120 4144 6152 8288 8384 12320 14336 16768 24704 33536 49408 57344 66561 67072 67585 75776 98816 106496
1 2051 2054 2060 4120 4144 6152 8288 8384 12320 14336 16768 24704 33536 49408 66561 67072 67585 75776 90112 98816 114688
1 2051 2054 2060 4120 4144 6152 8288 8384 12320 14336 16768 24704 33793 34304 34817 43008 49408 57344 66304 98560 98816
1 2051 2054 2060 4120 4144 6152 8288 8384 12320 14336 16768 24704 33793 34817 43008 49408 57344 66304 67072 98560 99328
1 2051 2054 2060 4120 4144 6152 8288 8384 12320 14336 16768 24704 34817 43008 49408 57344 66304 66561 67072 98305 98560
1 2051 2054 2060 4120 4144 6152 8288 8384 12320 14336 17152 24704 26624 33152 49280 49408 66561 67072 67585 82432 83968
1 2051 2054 2060 4120 4144 6152 8288 8384 12320 14336 17152 24704 33152 49280 49408 66561 67072 67585 75776 82432 90112
1 2051 2054 2060 4120 4144 6152 8288 8384 12320 14336 24704 26624 33152 33536 49280 49664 66561 67072 67585 82432 83968
2 2051 2054 2060 4120 4144 6152 8288 8384 12320 14336 24704 26624 33152 33536 49280 51200 66561 67072 67585 98816 100352
1 2051 2054 2060 4120 4144 6152 8288 8384 12320 14336 24704 26624 33152 33536 49280 66561 67072 67585 83968 98816 114688
2 2051 2054 2060 4120 4144 6152 8288 8384 12320 14336 24704 33152 33536 43008 49280 57344 66561 67072 67585 98816 100352
1 2051 2054 2060 4120 4144 6152 8288 8384 12320 14336 24704 33152 33536 49280 49664 66561 67072 67585 75776 82432 90112
1 2051 2054 2060 4120 4144 6152 8288 8384 12320 14336 24704 33152 33536 49280 57344 66561 67072 67585 75776 98816 106496
1 2051 2054 2060 4120 4144 6152 8288 8384 12320 14336 24704 33152 33536 49280 66561 67072 67585 75776 90112 98816 114688
1 2051 2054 2060 4120 4144 6152 8288 8384 14336 20512 24608 28672 33152 33536 41088 66561 67072 67585 75776 98816 106496
1 2051 2054 2060 4120 4144 6152 8288 12320 14336 16576 16768 24640 26624 33536 33793 34304 49408 51200 67585 98305 100352
1 2051 2054 2060 4120 4144 6152 8288 12320 14336 16576 16768 24640 26624 33536 33793 34817 49408 51200 67072 98816 99328
1 2051 2054 2060 4120 4144 6152 8288 12320 14336 16576 16768 24640 26624 33536 34304 34817 49408 51200 66561 98305 99328
1 2051 2054 2060 4120 4144 6152 8288 12320 14336 16576 16768 24640 26624 33536 34304 49408 51200 66561 67585 99328 100352
1 2051 2054 2060 4120 4144 6152 8288 12320 14336 16576 16768 24640 26624 33536 34817 49408 51200 66561 67072 98305 98816
2 2051 2054 2060 4120 4144 6152 8288 12320 14336 16576 16768 24640 26624 33536 49408 51200 66561 67072 67585 98816 100352
1 2051 2054 2060 4120 4144 6152 8288 12320 14336 16576 16768 24640 26624 33793 34304 34817 49408 51200 66304 98560 98816
1 2051 2054 2060 4120 4144 6152 8288 12320 14336 16576 16768 24640 26624 33793 34304 34817 51200 66304 82176 98816 114688
1 2051 2054 2060 4120 4144 6152 8288 12320 14336 16576 16768 24640 26624 33793 34817 49408 51200 66304 67072 98560 99328
1 2051 2054 2060 4120 4144 6152 8288 12320 14336 16576 16768 24640 26624 33793 34817 51200 66304 67072 82176 99328 114688
1 2051 2054 2060 4120 4144 6152 8288 12320 14336 16576 16768 24640 26624 34817 49408 51200 66304 66561 67072 98305 98560
1 2051 2054 2060 4120 4144 6152 8288 12320 14336 16576 16768 24640 26624 34817 51200 66304 66561 67072 82176 98305 114688
2 2051 2054 2060 4120 4144 6152 8288 12320 14336 16576 16768 24640 33536 33793 34304 43008 49408 57344 67585 98305 100352
2 2051 2054 2060 4120 4144 6152 8288 12320 14336 16576 16768 24640 33536 33793 34304 49408 57344 67585 75776 98305 106496
1 2051 2054 2060 4120 4144 6152 8288 12320 14336 16576 16768 24640 33536 33793 34817 43008 49408 57344 67072 98816 99328
1 2051 2054 2060 4120 4144 6152 8288 12320 14336 16576 16768 24640 33536 34304 34817 43008 49408 57344 66561 98305 99328
1 2051 2054 2060 4120 4144 6152 8288 12320 14336 16576 16768 24640 33536 34304 43008 49408 57344 66561 67585 99328 100352
1 2051 2054 2060 4120 4144 6152 8288 12320 14336 16576 16768 24640 33536 34304 49408 57344 66561 67585 75776 99328 106496
1 2051 2054 2060 4120 4144 6152 8288 12320 14336 16576 16768 24640 33536 34817 43008 49408 57344 66561 67072 98305 98816
2 2051 2054 2060 4120 4144 6152 8288 12320 14336 16576 16768 24640 33536 43008 49408 57344 66561 67072 67585 98816 100352
1 2051 2054 2060 4120 4144 6152 8288 12320 14336 16576 16768 24640 33536 49408 57344 66561 67072 67585 75776 98816 106496
1 2051 2054 2060 4120 4144 6152 8288 12320 14336 16576 16768 24640 33793 34304 34817 43008 49408 57344 66304 98560 98816
1 2051 2054 2060 4120 4144 6152 8288 12320 14336 16576 16768 24640 33793 34304 34817 43008 57344 66304 82176 98816 114688
1 2051 2054 2060 4120 4144 6152 8288 12320 14336 16576 16768 24640 33793 34817 43008 49408 57344 66304 67072 98560 99328
1 2051 2054 2060 4120 4144 6152 8288 12320 14336 16576 16768 24640 33793 34817 43008 57344 66304 67072 82176 99328 114688
1 2051 2054 2060 4120 4144 6152 8288 12320 14336 16576 16768 24640 34817 43008 49408 57344 66304 66561 67072 98305 98560
1 2051 2054 2060 4120 4144 6152 8288 12320 14336 16576 16768 24640 34817 43008 57344 66304 66561 67072 82176 98305 114688
1 2051 2054 2060 4120 4144 6152 8288 12320 14336 16576 24640 24704 33152 33536 41088 66561 67072 67585 75776 98816 106496
1 2051 2054 2060 4120 4144 6152 8288 12320 14336 16576 24640 26624 33793 34304 34817 51200 65920 66304 82048 98816 114688
1 2051 2054 2060 4120 4144 6152 8288 12320 14336 16576 24640 33152 33536 49280 57344 66561 67072 67585 75776 98816 106496
1 2051 2054 2060 4120 4144 6152 8288 12320 14336 16576 24640 33793 34304 34817 43008 57344 65920 66304 82048 98816 114688
1 2051 2054 2060 4120 4144 6152 8384 8576 12352 14336 17152 17920 24832 26624 33793 34817 50176 51200 65632 69664 69696
1 2051 2054 2060 4120 4144 6152 8384 8576 12352 14336 17152 17920 24832 33793 34817 43008 50176 57344 65632 69664 69696
1 2051 2054 2060 4120 4144 6152 8384 8576 12352 14336 17152 24832 33793 34304 34817 43008 49664 57344 65632 69664 69696
1 2051 2054 2060 4120 4144 6152 8384 8576 14336 16480 20512 24640 28672 33536 33793 34304 41216 43008 67585 98305 100352
1 2051 2054 2060 4120 4144 6152 8384 8576 14336 16480 20512 24640 28672 33536 33793 34304 41216 67585 75776 98305 106496
1 2051 2054 2060 4120 4144 6152 8384 8576 14336 16480 20512 24640 28672 33536 33793 34817 41216 43008 67072 98816 99328
1 2051 2054 2060 4120 4144 6152 8384 8576 14336 16480 20512 24640 28672 33536 34304 34817 41216 43008 66561 98305 99328
1 2051 2054 2060 4120 4144 6152 8384 8576 14336 16480 20512 24640 28672 33536 34304 41216 43008 66561 67585 99328 100352
1 2051 2054 2060 4120 4144 6152 8384 8576 14336 16480 20512 24640 28672 33536 34304 41216 66561 67585 75776 99328 106496
1 2051 2054 2060 4120 4144 6152 8384 8576 14336 16480 20512 24640 28672 33536 34817 41216 43008 66561 67072 98305 98816
2 2051 2054 2060 4120 4144 6152 8384 8576 14336 16480 20512 24640 28672 33536 41216 66561 67072 67585 75776 98816 106496
1 2051 2054 2060 4120 4144 6152 8384 8576 14336 16480 20512 24640 28672 33793 34817 41216 43008 66304 67072 98560 99328
1 2051 2054 2060 4120 4144 6152 8384 8576 14336 16480 20512 24640 28672 34817 41216 43008 66304 66561 67072 98305 98560
1 2051 2054 2060 4120 4144 6152 8384 12320 14336 16480 24608 24640 33152 33536 41088 66561 67072 67585 75776 98816 106496
1 2051 2054 2060 4120 4144 6152 8384 12352 14336 16768 17152 24704 33793 34304 34817 43008 49664 57344 65632 69664 69696
1 2051 2054 2060 4120 4144 6152 8384 14336 16480 20512 24640 28672 33152 33536 41088 66561 67072 67585 75776 98816 106496
1 2051 2054 2060 4120 4144 6152 8576 8960 14336 16480 16576 20512 24704 28672 33793 34304 34817 41472 75776 100352 106496
1 2051 2054 2060 4120 4144 6152 8576 8960 14336 16480 16576 20512 24704 28672 33793 34304 41472 43008 67585 98305 100352
1 2051 2054 2060 4120 4144 6152 8576 8960 14336 16480 16576 20512 24704 28672 33793 34304 41472 67585 75776 98305 106496
1 2051 2054 2060 4120 4144 6152 8576 8960 14336 16480 16576 20512 24704 28672 33793 34817 41472 43008 67072 98816 99328
1 2051 2054 2060 4120 4144 6152 8576 8960 14336 16480 16576 20512 24704 28672 34304 34817 41472 43008 66561 98305 99328
1 2051 2054 2060 4120 4144 6152 8576 8960 14336 16480 16576 20512 24704 28672 34304 41472 43008 66561 67585 99328 100352
1 2051 2054 2060 4120 4144 6152 8576 8960 14336 16480 16576 20512 24704 28672 34304 41472 66561 67585 75776 99328 106496
1 2051 2054 2060 4120 4144 6152 8576 8960 14336 16480 16576 20512 24704 28672 34817 41472 43008 66561 67072 98305 98816
1 2051 2054 2060 4120 4144 6152 8576 8960 14336 16480 16576 20512 24704 28672 41472 43008 66561 67072 67585 98816 100352
1 2051 2054 2060 4120 4144 6152 8576 14336 16480 16576 20512 24704 28672 33536 33793 34304 41216 43008 67585 98305 100352
1 2051 2054 2060 4120 4144 6152 8576 14336 16480 16576 20512 24704 28672 33536 33793 34304 41216 67585 75776 98305 106496
1 2051 2054 2060 4120 4144 6152 8576 14336 16480 16576 20512 24704 28672 33536 33793 34817 41216 43008 67072 98816 99328
1 2051 2054 2060 4120 4144 6152 8576 14336 16480 16576 20512 24704 28672 33536 34304 34817 41216 43008 66561 98305 99328
1 2051 2054 2060 4120 4144 6152 8576 14336 16480 16576 20512 24704 28672 33536 34304 41216 43008 66561 67585 99328 100352
1 2051 2054 2060 4120 4144 6152 8576 14336 16480 16576 20512 24704 28672 33536 34304 41216 66561 67585 75776 99328 106496
1 2051 2054 2060 4120 4144 6152 8576 14336 16480 16576 20512 24704 28672 33536 34817 41216 43008 66561 67072 98305 98816
1 2051 2054 2060 4120 4144 6152 8576 14336 16480 16576 20512 24704 28672 33793 34817 41216 43008 66304 67072 98560 99328
1 2051 2054 2060 4120 4144 6152 8576 14336 16480 16576 20512 24704 28672 34817 41216 43008 66304 66561 67072 98305 98560
1 2051 2054 2060 4120 4144 6152 8960 9217 9728 14336 16480 16576 20512 28672 33152 41216 49280 57344 67585 73729 75776
1 2051 2054 2060 4120 4144 6152 8960 9217 9728 14336 16768 24832 28672 32864 32960 36896 49280 53248 67585 73729 75776
1 2051 2054 2060 4120 4144 6152 8960 9217 10241 14336 16480 16576 20512 28672 33152 41216 49280 57344 67072 74240 74752
1 2051 2054 2060 4120 4144 6152 8960 9217 10241 14336 16480 20512 28672 32960 33152 41216 49216 57344 67072 74240 74752
1 2051 2054 2060 4120 4144 6152 8960 9217 10241 14336 16576 16768 24832 28672 32864 36896 49216 53248 67072 74240 74752
1 2051 2054 2060 4120 4144 6152 8960 9217 10241 14336 16768 24832 28672 32864 32960 36896 49280 53248 67072 74240 74752
1 2051 2054 2060 4120 4144 6152 8960 9728 10241 14336 16480 16576 20512 28672 33152 41216 49280 57344 66561 73729 74752
1 2051 2054 2060 4120 4144 6152 8960 9728 10241 14336 16480 20512 28672 32960 33152 41216 49216 57344 66561 73729 74752
1 2051 2054 2060 4120 4144 6152 8960 9728 10241 14336 16576 16768 24832 28672 32864 36896 49216 53248 66561 73729 74752
1 2051 2054 2060 4120 4144 6152 8960 9728 10241 14336 16768 24832 28672 32864 32960 36896 49280 53248 66561 73729 74752
1 2051 2054 2060 4120 4144 6152 8960 9728 14336 16480 16576 20512 28672 33152 41216 49280 57344 66561 67585 74752 75776
1 2051 2054 2060 4120 4144 6152 8960 9728 14336 16480 20512 28672 32960 33152 41216 49216 57344 66561 67585 74752 75776
1 2051 2054 2060 4120 4144 6152 8960 9728 14336 16576 16768 20544 24832 28672 32864 36896 36928 66561 67585 74752 75776
1 2051 2054 2060 4120 4144 6152 8960 9728 14336 16576 16768 24832 28672 32864 36896 49216 53248 66561 67585 74752 75776
1 2051 2054 2060 4120 4144 6152 8960 9728 14336 16768 24832 28672 32864 32960 36896 49280 53248 66561 67585 74752 75776
1 2051 2054 2060 4120 4144 6152 8960 10241 14336 16480 16576 20512 28672 33152 41216 49280 57344 66561 67072 73729 74240
1 2051 2054 2060 4120 4144 6152 8960 10241 14336 16480 20512 28672 32960 33152 41216 49216 57344 66561 67072 73729 74240
1 2051 2054 2060 4120 4144 6152 8960 10241 14336 16576 16768 24832 28672 32864 36896 49216 53248 66561 67072 73729 74240
1 2051 2054 2060 4120 4144 6152 8960 10241 14336 16768 24832 28672 32864 32960 36896 49280 53248 66561 67072 73729 74240
1 2051 2054 2060 4120 4144 6152 9217 9728 10241 14336 16480 16576 20512 28672 33152 33536 41472 57344 82048 98432 114688
1 2051 2054 2060 4120 4144 6152 9217 9728 10241 14336 16480 16576 20512 28672 33152 33536 49280 57344 74240 98816 106496
1 2051 2054 2060 4120 4144 6152 9217 9728 10241 14336 16480 16576 20512 28672 33152 41216 49280 57344 66304 73984 74240
1 2051 2054 2060 4120 4144 6152 9217 9728 10241 14336 16480 16576 20512 28672 33152 41472 49280 57344 66304 98560 98816
1 2051 2054 2060 4120 4144 6152 9217 9728 10241 14336 16480 16576 20512 28672 33152 49280 57344 66304 74240 98560 106496
1 2051 2054 2060 4120 4144 6152 9217 9728 10241 14336 16480 16576 20512 28672 33536 41472 49280 57344 65920 98432 98560
1 2051 2054 2060 4120 4144 6152 9217 9728 10241 14336 16480 16576 20512 28672 33536 41472 57344 65920 82048 98560 114688
1 2051 2054 2060 4120 4144 6152 9217 9728 10241 14336 16480 16576 20512 28672 41472 49280 57344 65920 66304 98432 98816
1 2051 2054 2060 4120 4144 6152 9217 9728 10241 14336 16480 16576 20512 28672 41472 57344 65920 66304 82048 98816 114688
1 2051 2054 2060 4120 4144 6152 9217 9728 10241 14336 16480 16576 20512 28672 49280 57344 65920 66304 74240 98432 106496
1 2051 2054 2060 4120 4144 6152 9217 9728 10241 14336 16480 16576 20512 28672 57344 65920 66304 74240 82048 106496 114688
1 2051 2054 2060 4120 4144 6152 9217 9728 10241 14336 16480 16576 28672 33152 33536 41472 49280 57344 69664 81952 86016
1 2051 2054 2060 4120 4144 6152 9217 9728 10241 14336 16480 20512 28672 32960 33152 41216 49216 57344 66304 73984 74240
1 2051 2054 2060 4120 4144 6152 9217 9728 10241 14336 16480 20512 28672 32960 33152 49216 57344 66304 74240 98560 106496
1 2051 2054 2060 4120 4144 6152 9217 9728 10241 14336 16480 20512 28672 32960 49216 57344 65920 66304 74240 98432 106496
1 2051 2054 2060 4120 4144 6152 9217 9728 10241 14336 16480 20512 28672 33152 33536 41472 49280 57344 65728 81984 82048
1 2051 2054 2060 4120 4144 6152 9217 9728 10241 14336 16480 20512 28672 33152 33536 41472 57344 65728 81984 98432 114688
1 2051 2054 2060 4120 4144 6152 9217 9728 10241 14336 16480 20512 28672 33536 41472 57344 65728 65920 81984 98560 114688
1 2051 2054 2060 4120 4144 6152 9217 9728 10241 14336 16576 16768 20544 28672 33536 41472 49408 57344 65632 69664 69696
2 2051 2054 2060 4120 4144 6152 9217 9728 10241 14336 16576 16768 28672 33536 41472 49408 57344 65632 69664 81984 86016
1 2051 2054 2060 4120 4144 6152 9217 9728 10241 14336 16576 20512 28672 33152 33536 41472 49280 57344 65632 81952 81984
1 2051 2054 2060 4120 4144 6152 9217 9728 10241 14336 16576 20544 28672 33152 33536 41472 49280 57344 65632 69664 69696
1 2051 2054 2060 4120 4144 6152 9217 9728 10241 14336 16576 28672 33152 33536 41472 49280 57344 65632 69664 81984 86016
1 2051 2054 2060 4120 4144 6152 9217 9728 10241 14336 20512 28672 32864 32960 49184 57344 65920 66304 74240 98432 106496
1 2051 2054 2060 4120 4144 6152 9217 9728 10241 14336 20512 28672 33152 33536 41472 49280 57344 65632 65728 81952 82048
1 2051 2054 2060 4120 4144 6152 9217 9728 10241 14336 20512 28672 33152 33536 41472 57344 65632 65728 81952 98432 114688
1 2051 2054 2060 4120 4144 6152 9217 9728 10241 14336 28672 32864 32960 36896 53248 57344 65920 66304 74240 98432 106496
2 2051 2054 2060 4120 4144 6152 9217 9728 10241 14336 28672 33152 33536 41472 49280 57344 65632 65728 69664 82048 86016
2 2051 2054 2060 4120 4144 6152 9217 9728 10241 14336 28672 33152 33536 41472 57344 65632 65728 69664 86016 98432 114688
1 2051 2054 2060 4120 4144 6152 9217 9728 14336 16480 16576 20512 28672 33152 33536 41472 49280 57344 67585 73729 75776
1 2051 2054 2060 4120 4144 6152 9217 9728 14336 16768 17152 25088 28672 32864 32960 36896 49280 53248 67585 73729 75776
1 2051 2054 2060 4120 4144 6152 9217 10241 14336 16480 16576 20512 28672 33152 33536 41472 49280 57344 67072 74240 74752
1 2051 2054 2060 4120 4144 6152 9217 10241 14336 16480 16576 20512 28672 33152 33536 49280 57344 67072 74752 98816 106496
1 2051 2054 2060 4120 4144 6152 9217 10241 14336 16480 16576 20512 28672 33152 41216 49280 57344 66304 67072 73984 74752
1 2051 2054 2060 4120 4144 6152 9217 10241 14336 16480 16576 20512 28672 33152 49280 57344 66304 67072 74752 98560 106496
1 2051 2054 2060 4120 4144 6152 9217 10241 14336 16480 16576 20512 28672 33536 34304 41984 57344 65920 82048 98560 114688
1 2051 2054 2060 4120 4144 6152 9217 10241 14336 16480 16576 20512 28672 34304 41984 57344 65920 66304 82048 98816 114688
1 2051 2054 2060 4120 4144 6152 9217 10241 14336 16480 20512 28672 32960 33152 41216 49216 57344 66304 67072 73984 74752
1 2051 2054 2060 4120 4144 6152 9217 10241 14336 16480 20512 28672 32960 33152 49216 57344 66304 67072 74752 98560 106496
1 2051 2054 2060 4120 4144 6152 9217 10241 14336 16480 20512 28672 33536 34304 41984 57344 65728 65920 81984 98560 114688
1 2051 2054 2060 4120 4144 6152 9217 10241 14336 16576 16768 20544 28672 33536 34304 41984 49408 57344 65632 69664 69696
1 2051 2054 2060 4120 4144 6152 9217 10241 14336 16576 16768 24832 28672 32864 36896 49216 53248 66304 67072 73984 74752
1 2051 2054 2060 4120 4144 6152 9217 10241 14336 16576 16768 28672 33536 34304 41984 49408 57344 65632 69664 81984 86016
1 2051 2054 2060 4120 4144 6152 9217 10241 14336 16768 17152 25088 28672 32864 32960 36896 49280 53248 67072 74240 74752
1 2051 2054 2060 4120 4144 6152 9217 10241 14336 16768 17152 28672 34304 41984 49664 57344 65632 65728 69664 82048 86016
1 2051 2054 2060 4120 4144 6152 9217 10241 14336 16768 24832 28672 32864 32960 36896 49280 53248 66304 67072 73984 74752
1 2051 2054 2060 4120 4144 6152 9217 10241 14336 16768 28672 33536 34304 41984 49408 57344 65632 65728 69664 82048 86016
1 2051 2054 2060 4120 4144 6152 9217 10241 14336 17152 17920 25600 28672 32960 33152 36928 49408 53248 65632 69664 69696
1 2051 2054 2060 4120 4144 6152 9217 10241 14336 17152 17920 25600 28672 32960 33152 49408 53248 65632 69664 98368 102400
1 2051 2054 2060 4120 4144 6152 9217 10241 14336 17152 17920 25600 28672 32960 33152 49408 65632 69664 86016 98368 114688
1 2051 2054 2060 4120 4144 6152 9217 10241 14336 17152 17920 25600 28672 33152 49408 53248 65632 65728 69664 98432 102400
1 2051 2054 2060 4120 4144 6152 9217 10241 14336 17152 17920 25600 28672 33152 49408 65632 65728 69664 86016 98432 114688
1 2051 2054 2060 4120 4144 6152 9217 10241 14336 17920 25600 28672 33152 33536 49664 53248 65632 65728 69664 98432 102400
1 2051 2054 2060 4120 4144 6152 9217 10241 14336 17920 25600 28672 33152 33536 49664 65632 65728 69664 86016 98432 114688
1 2051 2054 2060 4120 4144 6152 9728 10241 14336 16480 16576 20512 28672 33152 33536 41472 49280 57344 66561 73729 74752
1 2051 2054 2060 4120 4144 6152 9728 10241 14336 16768 17152 25088 28672 32864 32960 36896 49280 53248 66561 73729 74752
1 2051 2054 2060 4120 4144 6152 9728 14336 16480 16576 20512 28672 33152 33536 41472 49280 57344 66561 67585 74752 75776
1 2051 2054 2060 4120 4144 6152 9728 14336 16768 17152 25088 28672 32864 32960 36896 49280 53248 66561 67585 74752 75776
1 2051 2054 2060 4120 4144 6152 10241 14336 16480 16576 20512 28672 33152 33536 41472 49280 57344 66561 67072 73729 74240
1 2051 2054 2060 4120 4144 6152 10241 14336 16480 16576 20512 28672 33152 33536 49280 57344 66561 67072 73729 98816 106496
1 2051 2054 2060 4120 4144 6152 10241 14336 16480 16576 20512 28672 33152 41216 49280 57344 66304 66561 67072 73729 73984
1 2051 2054 2060 4120 4144 6152 10241 14336 16480 16576 20512 28672 33152 49280 57344 66304 66561 67072 73729 98560 106496
1 2051 2054 2060 4120 4144 6152 10241 14336 16480 16576 20512 28672 33536 33793 34304 40961 57344 65920 82048 98560 114688
1 2051 2054 2060 4120 4144 6152 10241 14336 16480 16576 20512 28672 33793 34304 40961 57344 65920 66304 82048 98816 114688
1 2051 2054 2060 4120 4144 6152 10241 14336 16480 20512 28672 32960 33152 41216 49216 57344 66304 66561 67072 73729 73984
2 2051 2054 2060 4120 4144 6152 10241 14336 16480 20512 28672 32960 33152 49216 57344 66304 66561 67072 73729 98560 106496
1 2051 2054 2060 4120 4144 6152 10241 14336 16576 16768 24832 28672 32864 36896 49216 53248 66304 66561 67072 73729 73984
2 2051 2054 2060 4120 4144 6152 10241 14336 16576 16768 28672 33536 33793 34304 40961 49408 57344 65632 69664 81984 86016
1 2051 2054 2060 4120 4144 6152 10241 14336 16768 17152 25088 28672 32864 32960 36896 49280 53248 66561 67072 73729 74240
1 2051 2054 2060 4120 4144 6152 10241 14336 16768 17152 28672 33793 34304 40961 49664 57344 65632 65728 69664 82048 86016
1 2051 2054 2060 4120 4144 6152 10241 14336 16768 24832 28672 32864 32960 36896 49280 53248 66304 66561 67072 73729 73984
1 2051 2054 2060 4120 4144 6152 10241 14336 16768 28672 33536 33793 34304 40961 49408 57344 65632 65728 69664 82048 86016
1 2051 2054 2060 4120 4144 6152 10241 14336 17152 17409 17920 24577 28672 33152 49408 53248 65632 65728 69664 98432 102400
1 2051 2054 2060 4120 4144 6152 10241 14336 17152 17409 17920 24577 28672 33152 49408 65632 65728 69664 86016 98432 114688
1 2051 2054 2060 4120 4144 6152 10241 14336 17409 17920 24577 28672 33152 33536 49664 53248 65632 65728 69664 98432 102400
1 2051 2054 2060 4120 4144 6152 10241 14336 17409 17920 24577 28672 33152 33536 49664 65632 65728 69664 86016 98432 114688
1 2051 2054 2060 4120 4144 6152 12320 14336 16480 16576 24608 24704 33152 33536 41088 66561 67072 67585 75776 98816 106496
1 2051 2054 2060 4120 4144 6152 12320 14336 16480 16576 24608 33152 33536 49280 57344 66561 67072 67585 75776 98816 106496
1 2051 2054 2060 4120 4144 6152 12320 14336 16480 16576 24608 33152 33536 49280 66561 67072 67585 75776 90112 98816 114688
2 2051 2054 2060 4120 4144 6152 14336 16480 16576 20512 24704 28672 33152 33536 41088 66561 67072 67585 75776 98816 106496
2 2051 2054 2060 4120 4144 6152 14336 16480 16576 20512 28672 33152 33536 49280 57344 66561 67072 67585 75776 98816 106496
1 2051 2054 2060 4120 4144 6152 14336 16480 16576 20512 28672 33793 34304 34817 43008 57344 65920 66304 82048 98816 114688
1 2051 2054 2060 4120 4144 6152 14336 17409 17920 18433 26624 28672 33152 33536 49664 53248 65632 65728 69664 98432 102400
1 2051 2054 2060 4120 4192 6152 8384 8576 12352 14336 17152 17920 24832 26624 33793 34817 50176 51200 65584 69648 69664
1 2051 2054 2060 4120 4192 6152 8384 8576 12352 14336 17152 17920 24832 33793 34817 43008 50176 57344 65584 69648 69664
1 2051 2054 2060 4120 4192 6152 8960 9728 14336 16576 16768 20544 24832 28672 32816 36880 36896 66561 67585 74752 75776
1 2051 2054 2060 4120 4192 6152 9217 10241 14336 16576 16768 20544 28672 33536 34304 41984 49408 57344 65584 69648 69664
1 2051 2054 2060 4120 4192 6152 9217 10241 14336 17152 17920 25600 28672 32960 33152 36928 49408 53248 65584 69648 69664
1 2051 2054 2060 4120 6152 8240 8288 12304 14336 16576 16768 24640 26624 33536 34304 34817 49408 51200 66561 98305 99328
2 2051 2054 2060 4120 6152 8240 8288 12304 14336 16576 16768 24640 26624 33536 34304 49408 51200 66561 67585 99328 100352
1 2051 2054 2060 4120 6152 8240 8288 12304 14336 16576 16768 24640 26624 33536 34304 49408 66561 67585 83968 99328 114688
1 2051 2054 2060 4120 6152 8240 8288 12304 14336 16576 16768 24640 26624 33536 34817 49408 51200 66561 67072 98305 98816
1 2051 2054 2060 4120 6152 8240 8288 12304 14336 16576 16768 24640 26624 33793 34817 49408 51200 66304 67072 98560 99328
1 2051 2054 2060 4120 6152 8240 8288 12304 14336 16576 16768 24640 26624 34817 49408 51200 66304 66561 67072 98305 98560
1 2051 2054 2060 4120 6152 8240 8288 12304 14336 16576 16768 24640 33536 34304 34817 43008 49408 57344 66561 98305 99328
2 2051 2054 2060 4120 6152 8240 8288 12304 14336 16576 16768 24640 33536 34304 43008 49408 57344 66561 67585 99328 100352
1 2051 2054 2060 4120 6152 8240 8288 12304 14336 16576 16768 24640 33536 34304 49408 57344 66561 67585 75776 99328 106496
1 2051 2054 2060 4120 6152 8240 8288 12304 14336 16576 16768 24640 33536 34304 49408 66561 67585 75776 90112 99328 114688
1 2051 2054 2060 4120 6152 8240 8288 12304 14336 16576 16768 24640 33536 34817 43008 49408 57344 66561 67072 98305 98816
1 2051 2054 2060 4120 6152 8240 8288 12304 14336 16576 16768 24640 33793 34817 43008 49408 57344 66304 67072 98560 99328
1 2051 2054 2060 4120 6152 8240 8288 12304 14336 16576 16768 24640 34817 43008 49408 57344 66304 66561 67072 98305 98560
1 2051 2054 2060 4120 6152 8384 8576 12352 14336 17152 17920 24832 33793 34817 43008 50176 57344 65584 65632 69648 69696
1 2051 2054 2060 4120 6152 8384 8576 14336 16432 16480 20496 24640 28672 33536 34304 34817 41216 43008 66561 98305 99328
2 2051 2054 2060 4120 6152 8384 8576 14336 16432 16480 20496 24640 28672 33536 34304 41216 66561 67585 75776 99328 106496
1 2051 2054 2060 4120 6152 8384 8576 14336 16432 16480 20496 24640 28672 33536 34817 41216 43008 66561 67072 98305 98816
1 2051 2054 2060 4120 6152 8384 8576 14336 16432 16480 20496 24640 28672 34817 41216 43008 66304 66561 67072 98305 98560
1 2051 2054 2060 4120 6152 8960 9728 10241 14336 16432 16480 20496 28672 32960 33152 41216 49216 57344 66561 73729 74752
1 2051 2054 2060 4120 6152 8960 9728 10241 14336 16576 16768 24832 28672 32816 32864 36880 49216 53248 66561 73729 74752
1 2051 2054 2060 4120 6152 8960 10241 14336 16432 16480 20496 28672 32960 33152 41216 49216 57344 66561 67072 73729 74240
1 2051 2054 2060 4120 6152 8960 10241 14336 16576 16768 24832 28672 32816 32864 36880 49216 53248 66561 67072 73729 74240
1 2051 2054 2060 4120 6152 9217 10241 14336 16432 16480 20496 28672 32960 33152 41216 49216 57344 66304 67072 73984 74752
1 2051 2054 2060 4120 6152 9217 10241 14336 16432 16480 20496 28672 32960 33152 49216 57344 66304 67072 74752 98560 106496
1 2051 2054 2060 4120 6152 9217 10241 14336 16432 16480 20496 28672 33536 34304 41984 57344 65728 65920 81984 98560 114688
1 2051 2054 2060 4120 6152 9217 10241 14336 16576 16768 20544 28672 33536 34304 41984 49408 57344 65584 65632 69648 69696
2 2051 2054 2060 4120 6152 9217 10241 14336 16576 16768 28672 33536 34304 41984 49408 57344 65584 65632 69648 81984 86016
1 2051 2054 2060 4120 6152 10241 14336 16432 16480 20496 28672 32960 33152 41216 49216 57344 66304 66561 67072 73729 73984
1 2051 2054 2060 4120 6152 10241 14336 16576 16768 24832 28672 32816 32864 36880 49216 53248 66304 66561 67072 73729 73984
1 2051 2054 2060 6145 6152 9217 9728 12289 16768 17152 25088 28672 32792 32816 36872 53248 65632 65728 82048 98336 114688
2 2051 2054 2060 6145 6152 9217 9728 12289 16768 17152 25088 28672 32864 32960 49280 53248 65560 65584 69640 98336 102400
1 2051 2054 2060 6145 6152 9217 9728 12289 16768 17152 25088 32792 32816 36872 45056 57344 65632 65728 82048 98336 114688
1 2051 2054 4108 4120 6148 8240 8288 12304 14336 16576 16768 24640 26624 33536 33793 34817 49408 51200 67072 98816 99328
1 2051 2054 4108 4120 6148 8240 8288 12304 14336 16576 16768 24640 26624 33536 34304 34817 49408 51200 66561 98305 99328
1 2051 2054 4108 4120 6148 8240 8288 12304 14336 16576 16768 24640 26624 33536 34304 35840 49408 51200 66561 67585 68608
1 2051 2054 4108 4120 6148 8240 8288 12304 14336 16576 16768 24640 26624 33536 34304 49408 51200 66561 67585 99328 100352
1 2051 2054 4108 4120 6148 8240 8288 12304 14336 16576 16768 24640 26624 33536 34817 49408 51200 66561 67072 98305 98816
1 2051 2054 4108 4120 6148 8240 8288 12304 14336 16576 16768 24640 26624 33536 49408 51200 66561 67072 67585 98816 100352
1 2051 2054 4108 4120 6148 8240 8288 12304 14336 16576 16768 24640 26624 33793 34304 34817 49408 51200 66304 98560 98816
1 2051 2054 4108 4120 6148 8240 8288 12304 14336 16576 16768 24640 26624 33793 34304 34817 49664 51200 66304 82176 82432
1 2051 2054 4108 4120 6148 8240 8288 12304 14336 16576 16768 24640 26624 33793 34304 34817 51200 66304 82176 98816 114688
1 2051 2054 4108 4120 6148 8240 8288 12304 14336 16576 16768 24640 26624 33793 34817 49408 51200 66304 67072 98560 99328
1 2051 2054 4108 4120 6148 8240 8288 12304 14336 16576 16768 24640 26624 33793 34817 51200 66304 67072 82176 99328 114688
1 2051 2054 4108 4120 6148 8240 8288 12304 14336 16576 17152 24640 26624 33793 34304 34817 49664 51200 65920 82048 82176
2 2051 2054 4108 4120 6148 8240 8288 12304 14336 16576 24640 26624 33152 33536 49280 51200 66561 67072 67585 98816 100352
1 2051 2054 4108 4120 6148 8240 8288 12304 14336 16576 24640 26624 33793 34304 34817 49664 51200 65920 66304 82048 82432
1 2051 2054 4108 4120 6148 8240 8288 12304 14336 16576 24640 26624 33793 34304 34817 51200 65920 66304 82048 98816 114688
1 2051 2054 4108 4120 6148 8240 8288 12304 14336 16768 17152 24640 26624 33793 34304 34817 49664 51200 65728 81984 82048
2 2051 2054 4108 4120 6148 8240 8288 12304 14336 16768 17152 26624 33793 34304 34817 49664 51200 65728 73792 82048 90112
1 2051 2054 4108 4120 6148 8240 8288 12304 14336 17152 18433 26624 33793 34304 49153 49664 65728 65920 73792 82176 90112
2 2051 2054 4108 4120 6148 8240 8288 12304 14336 17152 26624 33793 34304 34817 49664 51200 65728 65920 73792 82176 90112
2 2051 2054 4108 4120 6148 8240 8288 12304 16576 17152 22528 24640 28672 33152 49280 49408 66561 67072 67585 82432 83968
1 2051 2054 4108 4120 6148 8240 8288 12304 16576 22528 24640 28672 33152 33536 49280 49664 66561 67072 67585 82432 83968
2 2051 2054 4108 4120 6148 8240 8288 12304 16576 22528 24640 28672 33152 33536 49280 66561 67072 67585 83968 98816 114688
