1 7 28 4101 4116 9728 10241 11264 12289 16432 16480 16576 20496 28672 33152 33536 41472 57344 82048 98432 114688
1 7 28 4101 4116 9728 10241 11264 12289 16432 16480 16576 20496 28672 33152 41472 49280 57344 66304 98560 98816
1 7 28 4101 4116 9728 10241 11264 12289 16432 16480 16576 20496 28672 33152 49280 57344 66304 74240 98560 106496
2 7 28 4101 4116 9728 10241 11264 12289 16432 16480 16576 20496 28672 41472 49280 57344 65920 66304 98432 98816
1 7 28 4101 4116 9728 10241 11264 12289 16432 16480 16576 20496 28672 41472 57344 65920 66304 82048 98816 114688
2 7 28 4101 4116 9728 10241 11264 12289 16432 16480 16576 20496 28672 57344 65920 66304 74240 82048 106496 114688
1 7 28 4101 4116 9728 10241 11264 12289 16432 16480 16576 28672 33152 33536 41472 49280 57344 69648 81936 86016
1 7 28 4101 4116 9728 10241 11264 12289 16432 16480 20496 28672 32960 33152 49216 57344 66304 74240 98560 106496
1 7 28 4101 4116 9728 10241 11264 12289 16432 16480 20496 28672 32960 49216 57344 65920 66304 74240 98432 106496
1 7 28 4101 4116 9728 10241 11264 12289 16432 16480 20496 28672 33152 33536 41472 49280 57344 65728 81984 82048
1 7 28 4101 4116 9728 10241 11264 12289 16432 16480 20496 28672 33152 33536 41472 57344 65728 81984 98432 114688
1 7 28 4101 4116 9728 10241 11264 12289 16432 16480 20496 28672 33536 41472 57344 65728 65920 81984 98560 114688
1 7 28 4101 4116 9728 10241 11264 12289 16432 16576 20496 28672 33152 33536 41472 49280 57344 65632 81952 81984
1 7 28 4101 4116 9728 10241 11264 12289 16432 20496 28672 32864 32960 49184 57344 65920 66304 74240 98432 106496
1 7 28 4101 4116 9728 10241 11264 12289 16432 20496 28672 33152 33536 41472 49280 57344 65632 65728 81952 82048
1 7 28 4101 4116 9728 10241 11264 12289 16432 20496 28672 33152 33536 41472 57344 65632 65728 81952 98432 114688
1 7 28 4101 4116 9728 10241 11264 12289 16480 16576 20496 28672 33152 33536 41472 49280 57344 65584 81936 81952
1 7 28 4101 4116 9728 10241 11264 12289 16480 16576 28672 33152 33536 41472 49280 57344 65584 69648 81952 86016
1 7 28 4101 4116 9728 10241 11264 12289 16576 16768 28672 33536 41472 49408 57344 65584 65632 69648 81984 86016
1 7 28 4101 4116 9728 10241 11264 12289 16576 20496 28672 33152 33536 41472 49280 57344 65584 65632 81936 81984
1 7 28 4101 4116 9728 10241 11264 12289 16576 28672 33152 33536 41472 49280 57344 65584 65632 69648 81984 86016
1 7 28 4101 4116 9728 10241 11264 12289 16768 17152 25088 28672 32816 32864 32960 36880 49280 86016 102400 114688
1 7 28 4101 4116 9728 10241 11264 12289 16768 17152 25088 28672 32816 32864 32960 49280 53248 69648 98320 102400
1 7 28 4101 4116 9728 10241 11264 12289 16768 17152 25088 28672 32816 32864 32960 49280 69648 86016 98320 114688
1 7 28 4101 4116 9728 10241 11264 12289 16768 17152 25088 28672 32816 32864 36880 49280 53248 65728 98368 98432
1 7 28 4101 4116 9728 10241 11264 12289 16768 17152 25088 28672 32816 32960 36880 49280 53248 65632 98336 98368
1 7 28 4101 4116 9728 10241 11264 12289 16768 17152 25088 28672 32816 36880 49280 53248 65632 65728 98336 98432
1 7 28 4101 4116 9728 10241 11264 12289 16768 17152 25088 28672 32864 32960 36880 49280 53248 65584 98320 98336
1 7 28 4101 4116 9728 10241 11264 12289 16768 17152 25088 28672 32864 32960 49280 53248 65584 69648 98336 102400
1 7 28 4101 4116 9728 10241 11264 12289 16768 17152 25088 28672 32864 32960 49280 65584 69648 86016 98336 114688
1 7 28 4101 4116 9728 10241 11264 12289 16768 17152 25088 28672 32960 36880 49280 53248 65584 65632 98320 98368
1 7 28 4101 4116 9728 10241 11264 12289 16768 17152 25088 28672 32960 49280 53248 65584 65632 69648 98368 102400
1 7 28 4101 4116 9728 10241 11264 12289 16768 17152 25088 28672 32960 49280 65584 65632 69648 86016 98368 114688
1 7 28 4101 4116 9728 10241 11264 12289 16768 17152 25088 28672 36880 49280 53248 65584 65632 65728 98320 98432
1 7 28 4101 4116 9728 10241 11264 12289 16768 17152 25088 28672 49280 53248 65584 65632 65728 69648 98432 102400
1 7 28 4101 4116 9728 10241 11264 12289 16768 17152 25088 28672 49280 65584 65632 65728 69648 86016 98432 114688
1 7 28 4101 4116 9728 10241 11264 12289 16768 25088 28672 33536 49408 49664 65584 65632 65728 69648 82048 86016
1 7 28 4101 4116 9728 10241 11264 12289 16768 28672 33536 41472 49408 57344 65584 65632 65728 69648 82048 86016
1 7 28 4101 4116 9728 10241 11264 12289 17152 25088 28672 32960 33152 49408 53248 65584 65632 69648 98368 102400
1 7 28 4101 4116 9728 10241 11264 12289 17152 25088 28672 32960 33152 49408 65584 65632 69648 86016 98368 114688
2 7 28 4101 4116 9728 10241 11264 12289 17152 25088 28672 33152 49408 53248 65584 65632 65728 69648 98432 102400
1 7 28 4101 4116 9728 10241 11264 12289 20496 28672 32816 32864 32960 49168 57344 65920 66304 74240 98432 106496
1 7 28 4101 4116 9728 10241 11264 12289 20496 28672 33152 33536 41472 49280 57344 65584 65632 65728 81936 82048
1 7 28 4101 4116 9728 10241 11264 12289 20496 28672 33152 33536 41472 57344 65584 65632 65728 81936 98432 114688
2 7 28 4101 4116 9728 10241 11264 12289 25088 28672 33152 33536 49280 49664 65584 65632 65728 69648 82048 86016
1 7 28 4101 4116 9728 10241 11264 12289 25088 28672 33152 33536 49664 65584 65632 65728 69648 86016 98432 114688
2 7 28 4101 4116 9728 10241 11264 12289 28672 32816 32864 32960 36880 53248 57344 65920 66304 74240 98432 106496
2 7 28 4101 4116 9728 10241 11264 12289 28672 33152 33536 41472 57344 65584 65632 65728 69648 86016 98432 114688
1 7 28 4101 4116 10241 11264 12289 16432 16480 20496 28672 32960 33152 49216 57344 66304 67072 74752 98560 106496
1 7 28 4101 4116 10241 11264 12289 16576 16768 28672 33536 34304 41984 49408 57344 65584 65632 69648 81984 86016
2 7 28 4101 4116 10241 11264 12289 17152 17920 25600 28672 32960 33152 49408 53248 65584 65632 69648 98368 102400
2 7 28 4101 4116 12289 12304 16432 16480 16576 24592 33152 33536 49280 57344 67072 67585 68608 73729 98816 106496
2 7 28 4101 4116 12289 12304 16432 16480 16576 24592 33152 33536 49280 67072 67585 68608 73729 90112 98816 114688
1 7 28 4101 6145 7168 8960 9728 13312 16404 16432 20484 28672 32864 32960 49184 57344 65920 73984 98432 106496
1 7 28 4101 6145 7168 8960 9728 13312 16404 16432 20484 28672 32864 49184 57344 65728 65920 73984 98368 106496
1 7 28 4101 6145 7168 8960 9728 13312 16404 16432 20484 28672 32960 33152 41216 57344 65632 81952 98368 114688
1 7 28 4101 6145 7168 8960 9728 13312 16404 16432 20484 28672 33152 41216 57344 65632 65728 81952 98432 114688
1 7 28 4101 6145 7168 8960 9728 13312 16404 20484 28672 32816 32864 49168 57344 65728 65920 73984 98368 106496
1 7 28 4101 6145 7168 8960 9728 13312 16404 20484 28672 32960 33152 41216 57344 65584 65632 81936 98368 114688
1 7 28 4101 6145 7168 8960 9728 13312 16432 16480 28672 32960 33152 41216 49216 57344 65556 69636 81936 86016
1 7 28 4101 6145 7168 8960 9728 13312 16480 16576 28672 33152 41216 49280 57344 65556 65584 69636 81952 86016
1 7 28 4101 6145 7168 8960 9728 13312 16480 28672 32960 33152 41216 49216 57344 65556 65584 69636 81952 86016
1 7 28 4101 6145 7168 8960 9728 13312 16576 16768 24832 28672 32816 32864 49216 53248 65556 69636 98320 102400
1 7 28 4101 6145 7168 8960 9728 13312 16576 16768 24832 28672 32816 32864 49216 65556 69636 86016 98320 114688
1 7 28 4101 6145 7168 8960 9728 13312 16576 16768 24832 28672 32864 49216 53248 65556 65584 69636 98336 102400
1 7 28 4101 6145 7168 8960 9728 13312 16576 16768 24832 28672 32864 49216 65556 65584 69636 86016 98336 114688
1 7 28 4101 6145 7168 8960 9728 13312 16768 24832 28672 32864 32960 49280 53248 65556 65584 69636 98336 102400
1 7 28 4101 6145 7168 8960 9728 13312 16768 24832 28672 32864 32960 49280 65556 65584 69636 86016 98336 114688
1 7 28 4101 6145 7168 9728 13312 16404 16432 20484 28672 32864 32960 49184 57344 65920 66304 74240 98432 106496
1 7 28 4101 6145 7168 9728 13312 16404 16432 20484 28672 33152 33536 41472 57344 65632 65728 81952 98432 114688
1 7 28 4101 6145 7168 9728 13312 16480 16576 28672 33152 33536 41472 49280 57344 65556 65584 69636 81952 86016
1 7 28 4101 6145 7168 9728 13312 16768 17152 25088 28672 32864 32960 49280 53248 65556 65584 69636 98336 102400
1 7 28 4101 6145 7168 9728 13312 16768 17152 25088 28672 32864 32960 49280 65556 65584 69636 86016 98336 114688
2 7 28 4101 6145 9728 11264 14336 16768 17152 25088 28672 32788 32816 36868 53248 65632 65728 82048 98336 114688
1 7 28 4101 6145 9728 11264 14336 16768 17152 25088 28672 32788 36868 53248 65584 65632 65728 82048 98320 114688
1 7 28 4101 6145 9728 11264 14336 16768 17152 25088 28672 32816 32864 32960 49280 53248 65556 69636 98320 102400
1 7 28 4101 6145 9728 11264 14336 16768 17152 25088 28672 32864 32960 49280 53248 65556 65584 69636 98336 102400
1 7 28 4101 6145 9728 11264 14336 16768 17152 25088 32788 36868 45056 57344 65584 65632 65728 82048 98320 114688
1 7 28 4101 6145 9728 11264 14336 16768 17152 25088 32816 32864 32960 45056 49280 57344 65556 69636 98320 102400
1 7 28 4101 6145 9728 11264 14336 16768 17152 25088 32816 32864 32960 49280 57344 65556 69636 77824 98320 106496
1 7 28 4101 6145 9728 11264 14336 16768 17152 25088 32864 32960 45056 49280 57344 65556 65584 69636 98336 102400
1 7 28 4101 8212 12289 12292 16432 16480 16576 24592 33152 33536 49280 57344 67072 67585 68608 73729 98816 106496
1 7 28 4101 8212 12289 12292 16432 16480 16576 24592 34304 34817 35840 40961 57344 65920 66304 82048 98816 114688
1 7 28 4101 9728 10241 11264 12289 16404 20484 28672 32816 32864 32960 49168 57344 65920 66304 74240 98432 106496
1 7 28 4101 9728 10241 11264 12289 16404 20484 28672 33152 33536 41472 57344 65584 65632 65728 81936 98432 114688
2 7 28 4101 9728 10241 11264 12289 16768 17152 25088 28672 32816 32864 32960 49280 65556 69636 86016 98320 114688
1 7 4101 4108 4120 9728 10241 11264 12289 16432 16480 16576 20496 28672 33152 33536 41472 57344 82048 98432 114688
1 7 4101 4108 4120 9728 10241 11264 12289 16432 16480 16576 20496 28672 33152 33536 49280 57344 74240 98816 106496
1 7 4101 4108 4120 9728 10241 11264 12289 16432 16480 16576 20496 28672 33152 41472 49280 57344 66304 98560 98816
1 7 4101 4108 4120 9728 10241 11264 12289 16432 16480 16576 20496 28672 33152 49280 57344 66304 74240 98560 106496
1 7 4101 4108 4120 9728 10241 11264 12289 16432 16480 16576 20496 28672 33536 41472 49280 57344 65920 98432 98560
1 7 4101 4108 4120 9728 10241 11264 12289 16432 16480 16576 20496 28672 33536 41472 57344 65920 82048 98560 114688
1 7 4101 4108 4120 9728 10241 11264 12289 16432 16480 16576 20496 28672 41472 49280 57344 65920 66304 98432 98816
1 7 4101 4108 4120 9728 10241 11264 12289 16432 16480 16576 20496 28672 41472 57344 65920 66304 82048 98816 114688
1 7 4101 4108 4120 9728 10241 11264 12289 16432 16480 16576 20496 28672 49280 57344 65920 66304 74240 98432 106496
1 7 4101 4108 4120 9728 10241 11264 12289 16432 16480 16576 20496 28672 57344 65920 66304 74240 82048 106496 114688
1 7 4101 4108 4120 9728 10241 11264 12289 16432 16480 16576 28672 33152 33536 41472 49280 57344 69648 81936 86016
1 7 4101 4108 4120 9728 10241 11264 12289 16432 16480 20496 28672 32960 33152 49216 57344 66304 74240 98560 106496
1 7 4101 4108 4120 9728 10241 11264 12289 16432 16480 20496 28672 32960 49216 57344 65920 66304 74240 98432 106496
1 7 4101 4108 4120 9728 10241 11264 12289 16432 16480 20496 28672 33152 33536 41472 49280 57344 65728 81984 82048
1 7 4101 4108 4120 9728 10241 11264 12289 16432 16480 20496 28672 33152 33536 41472 57344 65728 81984 98432 114688
1 7 4101 4108 4120 9728 10241 11264 12289 16432 16480 20496 28672 33536 41472 57344 65728 65920 81984 98560 114688
1 7 4101 4108 4120 9728 10241 11264 12289 16432 16576 20496 28672 33152 33536 41472 49280 57344 65632 81952 81984
1 7 4101 4108 4120 9728 10241 11264 12289 16432 20496 28672 32864 32960 49184 57344 65920 66304 74240 98432 106496
1 7 4101 4108 4120 9728 10241 11264 12289 16432 20496 28672 33152 33536 41472 49280 57344 65632 65728 81952 82048
1 7 4101 4108 4120 9728 10241 11264 12289 16432 20496 28672 33152 33536 41472 57344 65632 65728 81952 98432 114688
1 7 4101 4108 4120 9728 10241 11264 12289 16480 16576 20496 28672 33152 33536 41472 49280 57344 65584 81936 81952
1 7 4101 4108 4120 9728 10241 11264 12289 16480 16576 28672 33152 33536 41472 49280 57344 65584 69648 81952 86016
1 7 4101 4108 4120 9728 10241 11264 12289 16576 16768 28672 33536 41472 49408 57344 65584 65632 69648 81984 86016
1 7 4101 4108 4120 9728 10241 11264 12289 16576 20496 28672 33152 33536 41472 49280 57344 65584 65632 81936 81984
1 7 4101 4108 4120 9728 10241 11264 12289 16576 28672 33152 33536 41472 49280 57344 65584 65632 69648 81984 86016
1 7 4101 4108 4120 9728 10241 11264 12289 16768 17152 25088 28672 32816 32864 32960 36880 49280 86016 102400 114688
1 7 4101 4108 4120 9728 10241 11264 12289 16768 17152 25088 28672 32816 32864 32960 49280 53248 69648 98320 102400
1 7 4101 4108 4120 9728 10241 11264 12289 16768 17152 25088 28672 32816 32864 32960 49280 69648 86016 98320 114688
1 7 4101 4108 4120 9728 10241 11264 12289 16768 17152 25088 28672 32816 32864 36880 49280 53248 65728 98368 98432
1 7 4101 4108 4120 9728 10241 11264 12289 16768 17152 25088 28672 32816 32960 36880 49280 53248 65632 98336 98368
1 7 4101 4108 4120 9728 10241 11264 12289 16768 17152 25088 28672 32816 36880 49280 53248 65632 65728 98336 98432
1 7 4101 4108 4120 9728 10241 11264 12289 16768 17152 25088 28672 32864 32960 36880 49280 53248 65584 98320 98336
1 7 4101 4108 4120 9728 10241 11264 12289 16768 17152 25088 28672 32864 32960 49280 53248 65584 69648 98336 102400
1 7 4101 4108 4120 9728 10241 11264 12289 16768 17152 25088 28672 32864 32960 49280 65584 69648 86016 98336 114688
1 7 4101 4108 4120 9728 10241 11264 12289 16768 17152 25088 28672 32960 36880 49280 53248 65584 65632 98320 98368
1 7 4101 4108 4120 9728 10241 11264 12289 16768 17152 25088 28672 32960 49280 53248 65584 65632 69648 98368 102400
1 7 4101 4108 4120 9728 10241 11264 12289 16768 17152 25088 28672 32960 49280 65584 65632 69648 86016 98368 114688
1 7 4101 4108 4120 9728 10241 11264 12289 16768 17152 25088 28672 36880 49280 53248 65584 65632 65728 98320 98432
1 7 4101 4108 4120 9728 10241 11264 12289 16768 17152 25088 28672 49280 53248 65584 65632 65728 69648 98432 102400
1 7 4101 4108 4120 9728 10241 11264 12289 16768 17152 25088 28672 49280 65584 65632 65728 69648 86016 98432 114688
1 7 4101 4108 4120 9728 10241 11264 12289 16768 17152 28672 41472 49664 57344 65584 65632 65728 69648 82048 86016
1 7 4101 4108 4120 9728 10241 11264 12289 16768 25088 28672 33536 49408 49664 65584 65632 65728 69648 82048 86016
1 7 4101 4108 4120 9728 10241 11264 12289 16768 28672 33536 41472 49408 57344 65584 65632 65728 69648 82048 86016
1 7 4101 4108 4120 9728 10241 11264 12289 17152 25088 28672 32960 33152 49408 53248 65584 65632 69648 98368 102400
1 7 4101 4108 4120 9728 10241 11264 12289 17152 25088 28672 32960 33152 49408 65584 65632 69648 86016 98368 114688
1 7 4101 4108 4120 9728 10241 11264 12289 17152 25088 28672 33152 49280 49408 65584 65632 65728 69648 82048 86016
1 7 4101 4108 4120 9728 10241 11264 12289 17152 25088 28672 33152 49408 53248 65584 65632 65728 69648 98432 102400
1 7 4101 4108 4120 9728 10241 11264 12289 17152 25088 28672 33152 49408 65584 65632 65728 69648 86016 98432 114688
1 7 4101 4108 4120 9728 10241 11264 12289 20496 28672 32816 32864 32960 49168 57344 65920 66304 74240 98432 106496
1 7 4101 4108 4120 9728 10241 11264 12289 20496 28672 33152 33536 41472 49280 57344 65584 65632 65728 81936 82048
1 7 4101 4108 4120 9728 10241 11264 12289 20496 28672 33152 33536 41472 57344 65584 65632 65728 81936 98432 114688
1 7 4101 4108 4120 9728 10241 11264 12289 25088 28672 33152 33536 49280 49664 65584 65632 65728 69648 82048 86016
1 7 4101 4108 4120 9728 10241 11264 12289 25088 28672 33152 33536 49664 53248 65584 65632 65728 69648 98432 102400
1 7 4101 4108 4120 9728 10241 11264 12289 25088 28672 33152 33536 49664 65584 65632 65728 69648 86016 98432 114688
1 7 4101 4108 4120 9728 10241 11264 12289 28672 32816 32864 32960 36880 53248 57344 65920 66304 74240 98432 106496
1 7 4101 4108 4120 9728 10241 11264 12289 28672 33152 33536 41472 49280 57344 65584 65632 65728 69648 82048 86016
1 7 4101 4108 4120 9728 10241 11264 12289 28672 33152 33536 41472 53248 57344 65584 65632 65728 69648 98432 102400
1 7 4101 4108 4120 9728 10241 11264 12289 28672 33152 33536 41472 57344 65584 65632 65728 69648 86016 98432 114688
1 7 4101 4108 4120 9728 10241 12289 16432 16480 16576 20496 28672 33152 33536 41472 49280 57344 68608 74752 75776
1 7 4101 4108 4120 9728 10241 12289 16768 17152 25088 28672 32816 32864 32960 36880 49280 53248 68608 74752 75776
1 7 4101 4108 4120 9728 11264 12289 16432 16480 16576 20496 28672 33152 33536 41472 49280 57344 67585 73729 75776
1 7 4101 4108 4120 9728 11264 12289 16768 17152 25088 28672 32816 32864 32960 36880 49280 53248 67585 73729 75776
1 7 4101 4108 4120 9728 12289 16432 16480 16576 20496 28672 33152 33536 41472 49280 57344 67585 68608 73729 74752
1 7 4101 4108 4120 9728 12289 16768 17152 25088 28672 32816 32864 32960 36880 49280 53248 67585 68608 73729 74752
1 7 4101 4108 4120 10241 11264 12289 16432 16480 16576 20496 28672 33152 33536 41472 49280 57344 67072 74240 74752
1 7 4101 4108 4120 10241 11264 12289 16432 16480 16576 20496 28672 33152 33536 49280 57344 67072 74752 98816 106496
1 7 4101 4108 4120 10241 11264 12289 16432 16480 16576 20496 28672 33152 49280 57344 66304 67072 74752 98560 106496
1 7 4101 4108 4120 10241 11264 12289 16432 16480 16576 20496 28672 33536 34304 41984 57344 65920 82048 98560 114688
1 7 4101 4108 4120 10241 11264 12289 16432 16480 16576 20496 28672 34304 41984 57344 65920 66304 82048 98816 114688
1 7 4101 4108 4120 10241 11264 12289 16432 16480 20496 28672 32960 33152 49216 57344 66304 67072 74752 98560 106496
1 7 4101 4108 4120 10241 11264 12289 16432 16480 20496 28672 33536 34304 41984 57344 65728 65920 81984 98560 114688
1 7 4101 4108 4120 10241 11264 12289 16576 16768 28672 33536 34304 41984 49408 57344 65584 65632 69648 81984 86016
1 7 4101 4108 4120 10241 11264 12289 16768 17152 25088 28672 32816 32864 32960 36880 49280 53248 67072 74240 74752
1 7 4101 4108 4120 10241 11264 12289 16768 17152 28672 34304 41984 49664 57344 65584 65632 65728 69648 82048 86016
1 7 4101 4108 4120 10241 11264 12289 16768 28672 33536 34304 41984 49408 57344 65584 65632 65728 69648 82048 86016
1 7 4101 4108 4120 10241 11264 12289 17152 17920 25600 28672 32960 33152 49408 53248 65584 65632 69648 98368 102400
1 7 4101 4108 4120 10241 11264 12289 17152 17920 25600 28672 32960 33152 49408 65584 65632 69648 86016 98368 114688
1 7 4101 4108 4120 10241 11264 12289 17152 17920 25600 28672 33152 49408 53248 65584 65632 65728 69648 98432 102400
1 7 4101 4108 4120 10241 11264 12289 17152 17920 25600 28672 33152 49408 65584 65632 65728 69648 86016 98432 114688
1 7 4101 4108 4120 10241 11264 12289 17920 25600 28672 33152 33536 49664 53248 65584 65632 65728 69648 98432 102400
1 7 4101 4108 4120 10241 11264 12289 17920 25600 28672 33152 33536 49664 65584 65632 65728 69648 86016 98432 114688
1 7 4101 4108 4120 10241 12289 16432 16480 16576 20496 28672 33152 33536 41472 49280 57344 67072 68608 74240 75776
1 7 4101 4108 4120 10241 12289 16432 16480 16576 20496 28672 33152 33536 49280 57344 67072 68608 75776 98816 106496
1 7 4101 4108 4120 10241 12289 16432 16480 16576 20496 28672 34304 35840 43008 57344 65920 66304 82048 98816 114688
1 7 4101 4108 4120 10241 12289 16768 17152 25088 28672 32816 32864 32960 36880 49280 53248 67072 68608 74240 75776
1 7 4101 4108 4120 10241 12289 16768 17152 28672 34304 35840 43008 49664 57344 65584 65632 65728 69648 82048 86016
1 7 4101 4108 4120 10241 12289 17920 19456 26624 28672 33152 33536 49664 53248 65584 65632 65728 69648 98432 102400
1 7 4101 4108 4120 10241 12289 17920 19456 26624 28672 33152 33536 49664 65584 65632 65728 69648 86016 98432 114688
1 7 4101 4108 4120 12289 12304 16432 16480 16576 24592 33152 33536 49280 57344 67072 67585 68608 73729 98816 106496
1 7 4101 4108 4120 12289 12304 16432 16480 16576 24592 33152 33536 49280 67072 67585 68608 73729 90112 98816 114688
1 7 4101 4108 4120 12289 16432 16480 16576 20496 28672 33152 33536 41472 49280 57344 67072 67585 68608 73729 74240
1 7 4101 4108 4120 12289 16432 16480 16576 20496 28672 33152 33536 49280 57344 67072 67585 68608 73729 98816 106496
1 7 4101 4108 4120 12289 16432 16480 16576 20496 28672 34304 34817 35840 40961 57344 65920 66304 82048 98816 114688
1 7 4101 4108 4120 12289 16768 17152 25088 28672 32816 32864 32960 36880 49280 53248 67072 67585 68608 73729 74240
1 7 4101 4108 4120 12289 16768 17152 28672 34304 34817 35840 40961 49664 57344 65584 65632 65728 69648 82048 86016
1 7 4101 4108 4120 12289 17920 18433 19456 24577 28672 33152 33536 49664 53248 65584 65632 65728 69648 98432 102400
1 7 4101 4108 4120 12289 17920 18433 19456 24577 28672 33152 33536 49664 65584 65632 65728 69648 86016 98432 114688
1 7 4101 4108 6145 8960 9728 11264 14336 16576 16768 24832 28672 32792 32816 32864 36872 49216 86016 102400 114688
1 7 4101 4108 6145 8960 9728 11264 14336 16576 16768 24832 28672 32792 32816 32864 49216 53248 69640 98312 102400
1 7 4101 4108 6145 8960 9728 11264 14336 16576 16768 24832 28672 32792 32816 32864 49216 69640 86016 98312 114688
1 7 4101 4108 6145 8960 9728 11264 14336 16576 16768 24832 28672 32792 32816 36872 49216 53248 65632 98336 98368
1 7 4101 4108 6145 8960 9728 11264 14336 16576 16768 24832 28672 32792 32864 36872 49216 53248 65584 98320 98336
1 7 4101 4108 6145 8960 9728 11264 14336 16576 16768 24832 28672 32792 36872 49216 53248 65584 65632 98320 98368
1 7 4101 4108 6145 8960 9728 11264 14336 16576 16768 24832 28672 32816 32864 36872 49216 53248 65560 98312 98320
1 7 4101 4108 6145 8960 9728 11264 14336 16576 16768 24832 28672 32816 32864 49216 53248 65560 69640 98320 102400
1 7 4101 4108 6145 8960 9728 11264 14336 16576 16768 24832 28672 32816 32864 49216 65560 69640 86016 98320 114688
1 7 4101 4108 6145 8960 9728 11264 14336 16576 16768 24832 28672 32864 36872 49216 53248 65560 65584 98312 98336
1 7 4101 4108 6145 8960 9728 11264 14336 16576 16768 24832 28672 32864 49216 53248 65560 65584 69640 98336 102400
1 7 4101 4108 6145 8960 9728 11264 14336 16576 16768 24832 28672 32864 49216 65560 65584 69640 86016 98336 114688
1 7 4101 4108 6145 8960 9728 11264 14336 16576 16768 24832 28672 36872 49216 53248 65560 65584 65632 98312 98368
1 7 4101 4108 6145 8960 9728 11264 14336 16576 16768 24832 28672 49216 53248 65560 65584 65632 69640 98368 102400
1 7 4101 4108 6145 8960 9728 11264 14336 16576 16768 24832 28672 49216 65560 65584 65632 69640 86016 98368 114688
2 7 4101 4108 6145 8960 9728 11264 14336 16576 16768 24832 32792 32816 32864 36872 45056 49216 90112 106496 114688
2 7 4101 4108 6145 8960 9728 11264 14336 16576 16768 24832 32792 32816 32864 36872 49216 57344 77824 102400 106496
2 7 4101 4108 6145 8960 9728 11264 14336 16576 16768 24832 32792 32816 32864 36872 49216 77824 90112 102400 114688
1 7 4101 4108 6145 8960 9728 11264 14336 16576 16768 24832 32792 32816 32864 45056 49216 57344 69640 98312 102400
1 7 4101 4108 6145 8960 9728 11264 14336 16576 16768 24832 32792 32816 32864 49216 57344 69640 77824 98312 106496
1 7 4101 4108 6145 8960 9728 11264 14336 16576 16768 24832 32792 32816 32864 49216 69640 77824 90112 98312 114688
1 7 4101 4108 6145 8960 9728 11264 14336 16576 16768 24832 32792 32816 36872 45056 49216 57344 65632 98336 98368
1 7 4101 4108 6145 8960 9728 11264 14336 16576 16768 24832 32792 32864 36872 45056 49216 57344 65584 98320 98336
1 7 4101 4108 6145 8960 9728 11264 14336 16576 16768 24832 32792 36872 45056 49216 57344 65584 65632 98320 98368
1 7 4101 4108 6145 8960 9728 11264 14336 16576 16768 24832 32816 32864 36872 45056 49216 57344 65560 98312 98320
1 7 4101 4108 6145 8960 9728 11264 14336 16576 16768 24832 32816 32864 45056 49216 57344 65560 69640 98320 102400
1 7 4101 4108 6145 8960 9728 11264 14336 16576 16768 24832 32816 32864 49216 57344 65560 69640 77824 98320 106496
1 7 4101 4108 6145 8960 9728 11264 14336 16576 16768 24832 32816 32864 49216 65560 69640 77824 90112 98320 114688
1 7 4101 4108 6145 8960 9728 11264 14336 16576 16768 24832 32864 36872 45056 49216 57344 65560 65584 98312 98336
1 7 4101 4108 6145 8960 9728 11264 14336 16576 16768 24832 32864 45056 49216 57344 65560 65584 69640 98336 102400
1 7 4101 4108 6145 8960 9728 11264 14336 16576 16768 24832 32864 49216 57344 65560 65584 69640 77824 98336 106496
1 7 4101 4108 6145 8960 9728 11264 14336 16576 16768 24832 32864 49216 65560 65584 69640 77824 90112 98336 114688
1 7 4101 4108 6145 8960 9728 11264 14336 16576 16768 24832 36872 45056 49216 57344 65560 65584 65632 98312 98368
1 7 4101 4108 6145 8960 9728 11264 14336 16576 16768 24832 45056 49216 57344 65560 65584 65632 69640 98368 102400
1 7 4101 4108 6145 8960 9728 11264 14336 16576 16768 24832 49216 57344 65560 65584 65632 69640 77824 98368 106496
1 7 4101 4108 6145 8960 9728 11264 14336 16576 16768 24832 49216 65560 65584 65632 69640 77824 90112 98368 114688
1 7 4101 4108 6145 8960 9728 11264 14336 16576 24832 28672 33152 49280 49408 65560 65584 65632 69640 81984 86016
1 7 4101 4108 6145 8960 9728 11264 14336 16576 24832 33152 49280 49408 65560 65584 65632 69640 77824 81984 90112
1 7 4101 4108 6145 8960 9728 11264 14336 16768 24832 28672 32864 32960 49280 53248 65560 65584 69640 98336 102400
1 7 4101 4108 6145 8960 9728 11264 14336 16768 24832 28672 32864 32960 49280 65560 65584 69640 86016 98336 114688
2 7 4101 4108 6145 8960 9728 11264 14336 16768 24832 28672 32960 49280 53248 65560 65584 65632 69640 98368 102400
1 7 4101 4108 6145 8960 9728 11264 14336 16768 24832 28672 32960 49280 65560 65584 65632 69640 86016 98368 114688
1 7 4101 4108 6145 8960 9728 11264 14336 16768 24832 32864 32960 45056 49280 57344 65560 65584 69640 98336 102400
1 7 4101 4108 6145 8960 9728 11264 14336 16768 24832 32864 32960 49280 57344 65560 65584 69640 77824 98336 106496
1 7 4101 4108 6145 8960 9728 11264 14336 16768 24832 32864 32960 49280 65560 65584 69640 77824 90112 98336 114688
1 7 4101 4108 6145 8960 9728 11264 14336 16768 24832 32960 49280 57344 65560 65584 65632 69640 77824 98368 106496
2 7 4101 4108 6145 8960 9728 11264 14336 24832 28672 32960 33152 49216 49408 65560 65584 65632 69640 81984 86016
2 7 4101 4108 6145 8960 9728 11264 14336 24832 32960 33152 49216 49408 65560 65584 65632 69640 77824 81984 90112
1 7 4101 4108 6145 9728 11264 14336 16768 17152 25088 28672 32792 32816 36872 53248 65632 65728 82048 98336 114688
2 7 4101 4108 6145 9728 11264 14336 16768 17152 25088 28672 32864 32960 49280 53248 65560 65584 69640 98336 102400
1 7 4101 4108 6145 9728 11264 14336 16768 17152 25088 32792 32816 36872 45056 57344 65632 65728 82048 98336 114688
2 7 4101 4108 6145 12296 14336 17152 17920 19456 26624 32792 32816 32864 40968 57344 65728 65920 82176 98368 114688
2 7 4101 4108 6145 12296 14336 17152 17920 19456 26624 32960 33152 49408 57344 65560 65584 65632 73736 98368 106496
1 7 4101 4108 8216 12289 12296 16432 16480 16576 24592 33152 33536 49280 57344 67072 67585 68608 73729 98816 106496
1 7 4101 4108 8216 12289 12296 16432 16480 16576 24592 34304 34817 35840 40961 57344 65920 66304 82048 98816 114688
1 7 4101 4108 8960 9728 10241 11264 12289 16408 16432 20488 28672 32864 32960 33152 41216 57344 81952 98336 114688
1 7 4101 4108 8960 9728 10241 11264 12289 16408 16432 20488 28672 32864 32960 33152 49184 57344 73984 98560 106496
1 7 4101 4108 8960 9728 10241 11264 12289 16408 16432 20488 28672 32864 32960 41216 49184 57344 65920 98432 98560
1 7 4101 4108 8960 9728 10241 11264 12289 16408 16432 20488 28672 32864 32960 49184 57344 65920 73984 98432 106496
1 7 4101 4108 8960 9728 10241 11264 12289 16408 16432 20488 28672 32864 33152 41216 49184 57344 65728 98368 98432
1 7 4101 4108 8960 9728 10241 11264 12289 16408 16432 20488 28672 32864 41216 49184 57344 65728 65920 98368 98560
1 7 4101 4108 8960 9728 10241 11264 12289 16408 16432 20488 28672 32864 49184 57344 65728 65920 73984 98368 106496
1 7 4101 4108 8960 9728 10241 11264 12289 16408 16432 20488 28672 32960 33152 41216 49184 57344 65632 98336 98368
1 7 4101 4108 8960 9728 10241 11264 12289 16408 16432 20488 28672 32960 33152 41216 57344 65632 81952 98368 114688
1 7 4101 4108 8960 9728 10241 11264 12289 16408 16432 20488 28672 33152 41216 49184 57344 65632 65728 98336 98432
1 7 4101 4108 8960 9728 10241 11264 12289 16408 16432 20488 28672 33152 41216 57344 65632 65728 81952 98432 114688
1 7 4101 4108 8960 9728 10241 11264 12289 16408 16432 20488 28672 41216 49184 57344 65632 65728 65920 98336 98560
1 7 4101 4108 8960 9728 10241 11264 12289 16408 16432 20488 28672 41216 57344 65632 65728 65920 81952 98560 114688
1 7 4101 4108 8960 9728 10241 11264 12289 16408 16432 20488 28672 49184 57344 65632 65728 65920 73984 98336 106496
1 7 4101 4108 8960 9728 10241 11264 12289 16408 16432 20488 28672 57344 65632 65728 65920 73984 81952 106496 114688
1 7 4101 4108 8960 9728 10241 11264 12289 16408 16432 28672 32864 32960 33152 41216 49184 57344 69640 81928 86016
1 7 4101 4108 8960 9728 10241 11264 12289 16408 20488 28672 32816 32864 49168 57344 65728 65920 73984 98368 106496
1 7 4101 4108 8960 9728 10241 11264 12289 16408 20488 28672 32816 49168 57344 65632 65728 65920 73984 98336 106496
1 7 4101 4108 8960 9728 10241 11264 12289 16408 20488 28672 32864 32960 33152 41216 49184 57344 65584 81936 81952
1 7 4101 4108 8960 9728 10241 11264 12289 16408 20488 28672 32864 32960 33152 41216 57344 65584 81936 98336 114688
1 7 4101 4108 8960 9728 10241 11264 12289 16408 20488 28672 32960 33152 41216 57344 65584 65632 81936 98368 114688
1 7 4101 4108 8960 9728 10241 11264 12289 16432 16480 28672 32960 33152 41216 49216 57344 65560 69640 81936 86016
1 7 4101 4108 8960 9728 10241 11264 12289 16432 20488 28672 32864 32960 33152 41216 49184 57344 65560 81928 81936
1 7 4101 4108 8960 9728 10241 11264 12289 16432 28672 32864 32960 33152 41216 49184 57344 65560 69640 81936 86016
1 7 4101 4108 8960 9728 10241 11264 12289 16480 16576 16768 24832 28672 32792 32816 36872 49184 86016 102400 114688
1 7 4101 4108 8960 9728 10241 11264 12289 16480 16576 16768 24832 28672 32792 32816 49184 53248 69640 98312 102400
1 7 4101 4108 8960 9728 10241 11264 12289 16480 16576 16768 24832 28672 32792 32816 49184 69640 86016 98312 114688
1 7 4101 4108 8960 9728 10241 11264 12289 16480 16576 16768 24832 28672 32792 36872 49184 53248 65584 98320 98336
1 7 4101 4108 8960 9728 10241 11264 12289 16480 16576 16768 24832 28672 32816 36872 49184 53248 65560 98312 98320
1 7 4101 4108 8960 9728 10241 11264 12289 16480 16576 16768 24832 28672 32816 49184 53248 65560 69640 98320 102400
1 7 4101 4108 8960 9728 10241 11264 12289 16480 16576 16768 24832 28672 32816 49184 65560 69640 86016 98320 114688
1 7 4101 4108 8960 9728 10241 11264 12289 16480 16576 16768 24832 28672 36872 49184 53248 65560 65584 98312 98336
1 7 4101 4108 8960 9728 10241 11264 12289 16480 16576 16768 24832 28672 49184 53248 65560 65584 69640 98336 102400
1 7 4101 4108 8960 9728 10241 11264 12289 16480 16576 16768 24832 28672 49184 65560 65584 69640 86016 98336 114688
1 7 4101 4108 8960 9728 10241 11264 12289 16480 16576 16768 28672 41216 49408 57344 65560 65584 69640 81952 86016
1 7 4101 4108 8960 9728 10241 11264 12289 16480 16576 24832 28672 33152 49280 49408 65560 65584 69640 81952 86016
1 7 4101 4108 8960 9728 10241 11264 12289 16480 16576 28672 33152 41216 49280 57344 65560 65584 69640 81952 86016
1 7 4101 4108 8960 9728 10241 11264 12289 16480 16768 24832 28672 32960 49216 49280 65560 65584 69640 81952 86016
1 7 4101 4108 8960 9728 10241 11264 12289 16480 24832 28672 32960 33152 49216 49408 65560 65584 69640 81952 86016
1 7 4101 4108 8960 9728 10241 11264 12289 16480 28672 32960 33152 41216 49216 57344 65560 65584 69640 81952 86016
1 7 4101 4108 8960 9728 10241 11264 12289 16576 16768 24832 28672 32816 32864 49216 53248 65560 69640 98320 102400
1 7 4101 4108 8960 9728 10241 11264 12289 16576 16768 24832 28672 32816 32864 49216 65560 69640 86016 98320 114688
1 7 4101 4108 8960 9728 10241 11264 12289 16576 16768 24832 28672 32864 49184 49216 65560 65584 69640 81952 86016
1 7 4101 4108 8960 9728 10241 11264 12289 16576 16768 24832 28672 32864 49216 53248 65560 65584 69640 98336 102400
1 7 4101 4108 8960 9728 10241 11264 12289 16576 16768 24832 28672 32864 49216 65560 65584 69640 86016 98336 114688
1 7 4101 4108 8960 9728 10241 11264 12289 16768 24832 28672 32864 32960 49184 49280 65560 65584 69640 81952 86016
1 7 4101 4108 8960 9728 10241 11264 12289 16768 24832 28672 32864 32960 49280 53248 65560 65584 69640 98336 102400
1 7 4101 4108 8960 9728 10241 11264 12289 16768 24832 28672 32864 32960 49280 65560 65584 69640 86016 98336 114688
1 7 4101 4108 8960 9728 10241 11264 12289 20488 28672 32792 32816 49160 57344 65632 65728 65920 73984 98336 106496
1 7 4101 4108 8960 9728 10241 11264 12289 20488 28672 32864 32960 33152 41216 49184 57344 65560 65584 81928 81952
1 7 4101 4108 8960 9728 10241 11264 12289 20488 28672 32864 32960 33152 41216 57344 65560 65584 81928 98336 114688
1 7 4101 4108 8960 9728 10241 11264 12289 24832 28672 32864 32960 33152 49184 49408 65560 65584 69640 81952 86016
1 7 4101 4108 8960 9728 10241 11264 12289 24832 28672 32864 32960 33152 49408 53248 65560 65584 69640 98336 102400
1 7 4101 4108 8960 9728 10241 11264 12289 24832 28672 32864 32960 33152 49408 65560 65584 69640 86016 98336 114688
1 7 4101 4108 8960 9728 10241 11264 12289 28672 32792 32816 36872 53248 57344 65632 65728 65920 73984 98336 106496
1 7 4101 4108 8960 9728 10241 11264 12289 28672 32864 32960 33152 41216 49184 57344 65560 65584 69640 81952 86016
1 7 4101 4108 8960 9728 10241 11264 12289 28672 32864 32960 33152 41216 53248 57344 65560 65584 69640 98336 102400
1 7 4101 4108 8960 9728 10241 11264 12289 28672 32864 32960 33152 41216 57344 65560 65584 69640 86016 98336 114688
1 7 4101 4108 8960 9728 10241 12289 16408 16432 20488 28672 32864 32960 33152 41216 49184 57344 68608 74752 75776
1 7 4101 4108 8960 9728 10241 12289 16480 16576 16768 24832 28672 32792 32816 36872 49184 53248 68608 74752 75776
1 7 4101 4108 8960 9728 11264 12289 16408 16432 20488 28672 32864 32960 33152 41216 49184 57344 67585 73729 75776
1 7 4101 4108 8960 9728 11264 12289 16480 16576 16768 24832 28672 32792 32816 36872 49184 53248 67585 73729 75776
1 7 4101 4108 8960 9728 12289 16408 16432 20488 28672 32864 32960 33152 41216 49184 57344 67585 68608 73729 74752
1 7 4101 4108 8960 9728 12289 16480 16576 16768 24832 28672 32792 32816 36872 49184 53248 67585 68608 73729 74752
1 7 4101 4108 8960 10241 11264 12289 16408 16432 20488 28672 32864 32960 33152 41216 49184 57344 67072 74240 74752
1 7 4101 4108 8960 10241 11264 12289 16480 16576 16768 24832 28672 32792 32816 36872 49184 53248 67072 74240 74752
1 7 4101 4108 8960 10241 12289 16408 16432 20488 28672 32864 32960 33152 41216 49184 57344 67072 68608 74240 75776
1 7 4101 4108 8960 10241 12289 16480 16576 16768 24832 28672 32792 32816 36872 49184 53248 67072 68608 74240 75776
1 7 4101 4108 8960 12289 16408 16432 20488 28672 32864 32960 33152 41216 49184 57344 67072 67585 68608 73729 74240
1 7 4101 4108 8960 12289 16480 16576 16768 24832 28672 32792 32816 36872 49184 53248 67072 67585 68608 73729 74240
1 7 4101 4108 9728 10241 11264 12289 16408 16432 16480 20488 28672 32960 33152 33536 41472 57344 81984 98368 114688
1 7 4101 4108 9728 10241 11264 12289 16408 16432 16480 20488 28672 32960 33152 33536 49216 57344 74240 98816 106496
1 7 4101 4108 9728 10241 11264 12289 16408 16432 16480 20488 28672 32960 33152 41472 49216 57344 66304 98560 98816
1 7 4101 4108 9728 10241 11264 12289 16408 16432 16480 20488 28672 32960 33152 49216 57344 66304 74240 98560 106496
1 7 4101 4108 9728 10241 11264 12289 16408 16432 16480 20488 28672 32960 33536 41472 49216 57344 65920 98432 98560
1 7 4101 4108 9728 10241 11264 12289 16408 16432 16480 20488 28672 32960 41472 49216 57344 65920 66304 98432 98816
1 7 4101 4108 9728 10241 11264 12289 16408 16432 16480 20488 28672 32960 49216 57344 65920 66304 74240 98432 106496
1 7 4101 4108 9728 10241 11264 12289 16408 16432 16480 20488 28672 33152 33536 41472 49216 57344 65728 98368 98432
1 7 4101 4108 9728 10241 11264 12289 16408 16432 16480 20488 28672 33152 33536 41472 57344 65728 81984 98432 114688
1 7 4101 4108 9728 10241 11264 12289 16408 16432 16480 20488 28672 33536 41472 49216 57344 65728 65920 98368 98560
1 7 4101 4108 9728 10241 11264 12289 16408 16432 16480 20488 28672 33536 41472 57344 65728 65920 81984 98560 114688
1 7 4101 4108 9728 10241 11264 12289 16408 16432 16480 20488 28672 41472 49216 57344 65728 65920 66304 98368 98816
1 7 4101 4108 9728 10241 11264 12289 16408 16432 16480 20488 28672 41472 57344 65728 65920 66304 81984 98816 114688
1 7 4101 4108 9728 10241 11264 12289 16408 16432 16480 20488 28672 49216 57344 65728 65920 66304 74240 98368 106496
1 7 4101 4108 9728 10241 11264 12289 16408 16432 16480 20488 28672 57344 65728 65920 66304 74240 81984 106496 114688
1 7 4101 4108 9728 10241 11264 12289 16408 16432 16480 28672 32960 33152 33536 41472 49216 57344 69640 81928 86016
1 7 4101 4108 9728 10241 11264 12289 16408 16432 20488 28672 32864 32960 33152 41216 49184 57344 66304 73984 74240
1 7 4101 4108 9728 10241 11264 12289 16408 16432 20488 28672 32864 32960 33152 49184 57344 66304 74240 98560 106496
1 7 4101 4108 9728 10241 11264 12289 16408 16432 20488 28672 32864 32960 49184 57344 65920 66304 74240 98432 106496
1 7 4101 4108 9728 10241 11264 12289 16408 16432 20488 28672 32864 49184 57344 65728 65920 66304 74240 98368 106496
1 7 4101 4108 9728 10241 11264 12289 16408 16432 20488 28672 32960 33152 33536 41472 49216 57344 65632 81952 81984
1 7 4101 4108 9728 10241 11264 12289 16408 16432 20488 28672 32960 33152 33536 41472 57344 65632 81952 98368 114688
1 7 4101 4108 9728 10241 11264 12289 16408 16432 20488 28672 33152 33536 41472 57344 65632 65728 81952 98432 114688
1 7 4101 4108 9728 10241 11264 12289 16408 16432 20488 28672 33536 41472 57344 65632 65728 65920 81952 98560 114688
1 7 4101 4108 9728 10241 11264 12289 16408 16480 20488 28672 32960 33152 33536 41472 49216 57344 65584 81936 81952
1 7 4101 4108 9728 10241 11264 12289 16408 20488 28672 32816 32864 32960 49168 57344 65920 66304 74240 98432 106496
1 7 4101 4108 9728 10241 11264 12289 16408 20488 28672 32816 32864 49168 57344 65728 65920 66304 74240 98368 106496
1 7 4101 4108 9728 10241 11264 12289 16408 20488 28672 32960 33152 33536 41472 49216 57344 65584 65632 81936 81984
1 7 4101 4108 9728 10241 11264 12289 16408 20488 28672 32960 33152 33536 41472 57344 65584 65632 81936 98368 114688
1 7 4101 4108 9728 10241 11264 12289 16408 20488 28672 33152 33536 41472 57344 65584 65632 65728 81936 98432 114688
1 7 4101 4108 9728 10241 11264 12289 16432 16480 16576 20496 28672 33152 33536 41472 49280 57344 65560 69640 69648
1 7 4101 4108 9728 10241 11264 12289 16432 16480 16576 28672 33152 33536 41472 49280 57344 65560 69640 81936 86016
1 7 4101 4108 9728 10241 11264 12289 16432 16480 20488 28672 32960 33152 33536 41472 49216 57344 65560 81928 81936
1 7 4101 4108 9728 10241 11264 12289 16432 16480 28672 32960 33152 33536 41472 49216 57344 65560 69640 81936 86016
1 7 4101 4108 9728 10241 11264 12289 16480 16576 16768 24832 28672 32792 32816 36872 49184 53248 66304 73984 74240
1 7 4101 4108 9728 10241 11264 12289 16480 16576 16768 28672 33536 41472 49408 57344 65560 65584 69640 81952 86016
1 7 4101 4108 9728 10241 11264 12289 16480 16576 28672 33152 33536 41472 49280 57344 65560 65584 69640 81952 86016
1 7 4101 4108 9728 10241 11264 12289 16480 20488 28672 32960 33152 33536 41472 49216 57344 65560 65584 81928 81952
1 7 4101 4108 9728 10241 11264 12289 16480 28672 32960 33152 33536 41472 49216 57344 65560 65584 69640 81952 86016
1 7 4101 4108 9728 10241 11264 12289 16576 16768 17152 25088 28672 32792 32816 32864 36872 49216 86016 102400 114688
1 7 4101 4108 9728 10241 11264 12289 16576 16768 17152 25088 28672 32792 32816 32864 49216 53248 69640 98312 102400
1 7 4101 4108 9728 10241 11264 12289 16576 16768 17152 25088 28672 32792 32816 32864 49216 69640 86016 98312 114688
1 7 4101 4108 9728 10241 11264 12289 16576 16768 17152 25088 28672 32792 32816 36872 49216 53248 65632 98336 98368
1 7 4101 4108 9728 10241 11264 12289 16576 16768 17152 25088 28672 32792 32864 36872 49216 53248 65584 98320 98336
1 7 4101 4108 9728 10241 11264 12289 16576 16768 17152 25088 28672 32792 36872 49216 53248 65584 65632 98320 98368
1 7 4101 4108 9728 10241 11264 12289 16576 16768 17152 25088 28672 32816 32864 36872 49216 53248 65560 98312 98320
1 7 4101 4108 9728 10241 11264 12289 16576 16768 17152 25088 28672 32816 32864 49216 53248 65560 69640 98320 102400
1 7 4101 4108 9728 10241 11264 12289 16576 16768 17152 25088 28672 32816 32864 49216 65560 69640 86016 98320 114688
1 7 4101 4108 9728 10241 11264 12289 16576 16768 17152 25088 28672 32864 36872 49216 53248 65560 65584 98312 98336
1 7 4101 4108 9728 10241 11264 12289 16576 16768 17152 25088 28672 32864 49216 53248 65560 65584 69640 98336 102400
1 7 4101 4108 9728 10241 11264 12289 16576 16768 17152 25088 28672 32864 49216 65560 65584 69640 86016 98336 114688
1 7 4101 4108 9728 10241 11264 12289 16576 16768 17152 25088 28672 36872 49216 53248 65560 65584 65632 98312 98368
1 7 4101 4108 9728 10241 11264 12289 16576 16768 17152 25088 28672 49216 53248 65560 65584 65632 69640 98368 102400
1 7 4101 4108 9728 10241 11264 12289 16576 16768 17152 25088 28672 49216 65560 65584 65632 69640 86016 98368 114688
1 7 4101 4108 9728 10241 11264 12289 16576 16768 17152 28672 41472 49664 57344 65560 65584 65632 69640 81984 86016
1 7 4101 4108 9728 10241 11264 12289 16576 16768 25088 28672 33536 49408 49664 65560 65584 65632 69640 81984 86016
1 7 4101 4108 9728 10241 11264 12289 16576 16768 28672 33536 41472 49408 57344 65560 65584 65632 69640 81984 86016
1 7 4101 4108 9728 10241 11264 12289 16576 17152 25088 28672 33152 49280 49408 65560 65584 65632 69640 81984 86016
1 7 4101 4108 9728 10241 11264 12289 16576 25088 28672 33152 33536 49280 49664 65560 65584 65632 69640 81984 86016
1 7 4101 4108 9728 10241 11264 12289 16576 28672 33152 33536 41472 49280 57344 65560 65584 65632 69640 81984 86016
1 7 4101 4108 9728 10241 11264 12289 16768 17152 25088 28672 32816 32864 32960 36880 49280 53248 65560 69640 69648
1 7 4101 4108 9728 10241 11264 12289 16768 17152 25088 28672 32816 32864 32960 49280 53248 65560 69640 98320 102400
1 7 4101 4108 9728 10241 11264 12289 16768 17152 25088 28672 32816 32864 32960 49280 65560 69640 86016 98320 114688
1 7 4101 4108 9728 10241 11264 12289 16768 17152 25088 28672 32864 32960 49280 53248 65560 65584 69640 98336 102400
1 7 4101 4108 9728 10241 11264 12289 16768 17152 25088 28672 32864 32960 49280 65560 65584 69640 86016 98336 114688
1 7 4101 4108 9728 10241 11264 12289 16768 17152 25088 28672 32960 49216 49280 65560 65584 65632 69640 81984 86016
1 7 4101 4108 9728 10241 11264 12289 16768 17152 25088 28672 32960 49280 53248 65560 65584 65632 69640 98368 102400
1 7 4101 4108 9728 10241 11264 12289 16768 17152 25088 28672 32960 49280 65560 65584 65632 69640 86016 98368 114688
1 7 4101 4108 9728 10241 11264 12289 17152 25088 28672 32864 32960 33152 49408 53248 65560 65584 69640 98336 102400
1 7 4101 4108 9728 10241 11264 12289 17152 25088 28672 32864 32960 33152 49408 65560 65584 69640 86016 98336 114688
1 7 4101 4108 9728 10241 11264 12289 17152 25088 28672 32960 33152 49216 49408 65560 65584 65632 69640 81984 86016
1 7 4101 4108 9728 10241 11264 12289 17152 25088 28672 32960 33152 49408 53248 65560 65584 65632 69640 98368 102400
1 7 4101 4108 9728 10241 11264 12289 17152 25088 28672 32960 33152 49408 65560 65584 65632 69640 86016 98368 114688
1 7 4101 4108 9728 10241 11264 12289 20488 28672 32792 32816 32864 49160 57344 65728 65920 66304 74240 98368 106496
1 7 4101 4108 9728 10241 11264 12289 20488 28672 32960 33152 33536 41472 49216 57344 65560 65584 65632 81928 81984
1 7 4101 4108 9728 10241 11264 12289 20488 28672 32960 33152 33536 41472 57344 65560 65584 65632 81928 98368 114688
1 7 4101 4108 9728 10241 11264 12289 25088 28672 32960 33152 33536 49216 49664 65560 65584 65632 69640 81984 86016
1 7 4101 4108 9728 10241 11264 12289 25088 28672 32960 33152 33536 49664 53248 65560 65584 65632 69640 98368 102400
1 7 4101 4108 9728 10241 11264 12289 25088 28672 32960 33152 33536 49664 65560 65584 65632 69640 86016 98368 114688
1 7 4101 4108 9728 10241 11264 12289 28672 32792 32816 32864 36872 53248 57344 65728 65920 66304 74240 98368 106496
1 7 4101 4108 9728 10241 11264 12289 28672 32960 33152 33536 41472 49216 57344 65560 65584 65632 69640 81984 86016
1 7 4101 4108 9728 10241 11264 12289 28672 32960 33152 33536 41472 53248 57344 65560 65584 65632 69640 98368 102400
1 7 4101 4108 9728 10241 11264 12289 28672 32960 33152 33536 41472 57344 65560 65584 65632 69640 86016 98368 114688
1 7 4101 4108 9728 10241 12289 16408 16432 16480 20488 28672 32960 33152 33536 41472 49216 57344 68608 74752 75776
1 7 4101 4108 9728 10241 12289 16576 16768 17152 25088 28672 32792 32816 32864 36872 49216 53248 68608 74752 75776
1 7 4101 4108 9728 11264 12289 16408 16432 16480 20488 28672 32960 33152 33536 41472 49216 57344 67585 73729 75776
1 7 4101 4108 9728 11264 12289 16576 16768 17152 25088 28672 32792 32816 32864 36872 49216 53248 67585 73729 75776
1 7 4101 4108 9728 12289 16408 16432 16480 20488 28672 32960 33152 33536 41472 49216 57344 67585 68608 73729 74752
1 7 4101 4108 9728 12289 16576 16768 17152 25088 28672 32792 32816 32864 36872 49216 53248 67585 68608 73729 74752
1 7 4101 4108 10241 11264 12289 16408 16432 16480 20488 28672 32960 33152 33536 41472 49216 57344 67072 74240 74752
1 7 4101 4108 10241 11264 12289 16408 16432 16480 20488 28672 32960 33152 33536 49216 57344 67072 74752 98816 106496
1 7 4101 4108 10241 11264 12289 16408 16432 16480 20488 28672 32960 33152 49216 57344 66304 67072 74752 98560 106496
1 7 4101 4108 10241 11264 12289 16408 16432 16480 20488 28672 32960 49216 57344 65920 66304 67072 74752 98432 106496
1 7 4101 4108 10241 11264 12289 16408 16432 16480 20488 28672 33152 33536 34304 41984 57344 65728 81984 98432 114688
1 7 4101 4108 10241 11264 12289 16408 16432 16480 20488 28672 33536 34304 41984 57344 65728 65920 81984 98560 114688
1 7 4101 4108 10241 11264 12289 16408 16432 16480 20488 28672 34304 41984 57344 65728 65920 66304 81984 98816 114688
1 7 4101 4108 10241 11264 12289 16408 16432 20488 28672 32864 32960 33152 41216 49184 57344 66304 67072 73984 74752
1 7 4101 4108 10241 11264 12289 16408 16432 20488 28672 32864 32960 33152 49184 57344 66304 67072 74752 98560 106496
1 7 4101 4108 10241 11264 12289 16408 16432 20488 28672 32864 32960 49184 57344 65920 66304 67072 74752 98432 106496
1 7 4101 4108 10241 11264 12289 16408 16432 20488 28672 33152 33536 34304 41984 57344 65632 65728 81952 98432 114688
1 7 4101 4108 10241 11264 12289 16408 16432 20488 28672 33536 34304 41984 57344 65632 65728 65920 81952 98560 114688
1 7 4101 4108 10241 11264 12289 16408 20488 28672 32816 32864 32960 49168 57344 65920 66304 67072 74752 98432 106496
1 7 4101 4108 10241 11264 12289 16408 20488 28672 33152 33536 34304 41984 57344 65584 65632 65728 81936 98432 114688
1 7 4101 4108 10241 11264 12289 16432 16480 16576 28672 33152 33536 34304 41984 49280 57344 65560 69640 81936 86016
1 7 4101 4108 10241 11264 12289 16480 16576 16768 24832 28672 32792 32816 36872 49184 53248 66304 67072 73984 74752
1 7 4101 4108 10241 11264 12289 16480 16576 16768 28672 33536 34304 41984 49408 57344 65560 65584 69640 81952 86016
1 7 4101 4108 10241 11264 12289 16480 16576 28672 33152 33536 34304 41984 49280 57344 65560 65584 69640 81952 86016
1 7 4101 4108 10241 11264 12289 16576 16768 17152 25088 28672 32792 32816 32864 36872 49216 53248 67072 74240 74752
1 7 4101 4108 10241 11264 12289 16576 16768 17152 28672 34304 41984 49664 57344 65560 65584 65632 69640 81984 86016
1 7 4101 4108 10241 11264 12289 16576 16768 28672 33536 34304 41984 49408 57344 65560 65584 65632 69640 81984 86016
1 7 4101 4108 10241 11264 12289 16576 28672 33152 33536 34304 41984 49280 57344 65560 65584 65632 69640 81984 86016
1 7 4101 4108 10241 11264 12289 16768 17152 17920 25600 28672 32816 32864 32960 49280 53248 65560 69640 98320 102400
1 7 4101 4108 10241 11264 12289 16768 17152 17920 25600 28672 32816 32864 32960 49280 65560 69640 86016 98320 114688
1 7 4101 4108 10241 11264 12289 16768 17152 17920 25600 28672 32864 32960 49280 53248 65560 65584 69640 98336 102400
1 7 4101 4108 10241 11264 12289 16768 17152 17920 25600 28672 32864 32960 49280 65560 65584 69640 86016 98336 114688
1 7 4101 4108 10241 11264 12289 16768 17152 17920 25600 28672 32960 49280 53248 65560 65584 65632 69640 98368 102400
1 7 4101 4108 10241 11264 12289 16768 17152 17920 25600 28672 32960 49280 65560 65584 65632 69640 86016 98368 114688
1 7 4101 4108 10241 11264 12289 17152 17920 25600 28672 32864 32960 33152 49408 53248 65560 65584 69640 98336 102400
1 7 4101 4108 10241 11264 12289 17152 17920 25600 28672 32864 32960 33152 49408 65560 65584 69640 86016 98336 114688
1 7 4101 4108 10241 11264 12289 17152 17920 25600 28672 32960 33152 49408 53248 65560 65584 65632 69640 98368 102400
1 7 4101 4108 10241 11264 12289 17152 17920 25600 28672 32960 33152 49408 65560 65584 65632 69640 86016 98368 114688
1 7 4101 4108 10241 11264 12289 17920 25600 28672 32960 33152 33536 49664 53248 65560 65584 65632 69640 98368 102400
1 7 4101 4108 10241 11264 12289 17920 25600 28672 32960 33152 33536 49664 65560 65584 65632 69640 86016 98368 114688
1 7 4101 4108 10241 12289 12296 16408 16432 16480 24584 32960 33152 49216 57344 66304 67072 68608 75776 98560 106496
1 7 4101 4108 10241 12289 12296 16408 16432 16480 24584 32960 33152 49216 66304 67072 68608 75776 90112 98560 114688
1 7 4101 4108 10241 12289 14336 17152 17920 19456 22528 32792 32816 32864 36872 53248 65728 65920 82176 98368 114688
1 7 4101 4108 10241 12289 14336 17152 17920 19456 22528 32960 33152 49408 53248 65560 65584 65632 69640 98368 102400
1 7 4101 4108 10241 12289 16408 16432 16480 20488 28672 32960 33152 33536 41472 49216 57344 67072 68608 74240 75776
1 7 4101 4108 10241 12289 16408 16432 16480 20488 28672 32960 33152 33536 49216 57344 67072 68608 75776 98816 106496
1 7 4101 4108 10241 12289 16408 16432 16480 20488 28672 32960 33152 49216 57344 66304 67072 68608 75776 98560 106496
1 7 4101 4108 10241 12289 16408 16432 16480 20488 28672 33536 34304 35840 43008 57344 65728 65920 81984 98560 114688
1 7 4101 4108 10241 12289 16408 16432 16480 20488 28672 34304 35840 43008 57344 65728 65920 66304 81984 98816 114688
1 7 4101 4108 10241 12289 16408 16432 20488 28672 32864 32960 33152 41216 49184 57344 66304 67072 68608 73984 75776
1 7 4101 4108 10241 12289 16408 16432 20488 28672 32864 32960 33152 49184 57344 66304 67072 68608 75776 98560 106496
1 7 4101 4108 10241 12289 16408 16432 20488 28672 33536 34304 35840 43008 57344 65632 65728 65920 81952 98560 114688
1 7 4101 4108 10241 12289 16480 16576 16768 24832 28672 32792 32816 36872 49184 53248 66304 67072 68608 73984 75776
1 7 4101 4108 10241 12289 16480 16576 16768 28672 33536 34304 35840 43008 49408 57344 65560 65584 69640 81952 86016
1 7 4101 4108 10241 12289 16576 16768 17152 25088 28672 32792 32816 32864 36872 49216 53248 67072 68608 74240 75776
1 7 4101 4108 10241 12289 16576 16768 17152 28672 34304 35840 43008 49664 57344 65560 65584 65632 69640 81984 86016
1 7 4101 4108 10241 12289 16576 16768 28672 33536 34304 35840 43008 49408 57344 65560 65584 65632 69640 81984 86016
1 7 4101 4108 10241 12289 17152 17920 19456 26624 28672 32864 32960 33152 49408 53248 65560 65584 69640 98336 102400
1 7 4101 4108 10241 12289 17152 17920 19456 26624 28672 32864 32960 33152 49408 65560 65584 69640 86016 98336 114688
1 7 4101 4108 10241 12289 17152 17920 19456 26624 28672 32960 33152 49408 53248 65560 65584 65632 69640 98368 102400
1 7 4101 4108 10241 12289 17152 17920 19456 26624 28672 32960 33152 49408 65560 65584 65632 69640 86016 98368 114688
1 7 4101 4108 10241 12289 17920 19456 26624 28672 32960 33152 33536 49664 53248 65560 65584 65632 69640 98368 102400
1 7 4101 4108 10241 12289 17920 19456 26624 28672 32960 33152 33536 49664 65560 65584 65632 69640 86016 98368 114688
1 7 4101 4108 12289 12296 16408 16432 16480 24584 32960 33152 33536 49216 57344 67072 67585 68608 73729 98816 106496
1 7 4101 4108 12289 12296 16408 16432 16480 24584 32960 33152 33536 49216 67072 67585 68608 73729 90112 98816 114688
1 7 4101 4108 12289 12296 16408 16432 24584 32864 32960 33152 49184 57344 66304 67072 67585 68608 73729 98560 106496
1 7 4101 4108 12289 12296 16408 16432 24584 32864 32960 33152 49184 66304 67072 67585 68608 73729 90112 98560 114688
1 7 4101 4108 12289 16408 16432 16480 20488 28672 32960 33152 33536 41472 49216 57344 67072 67585 68608 73729 74240
1 7 4101 4108 12289 16408 16432 16480 20488 28672 32960 33152 33536 49216 57344 67072 67585 68608 73729 98816 106496
1 7 4101 4108 12289 16408 16432 16480 20488 28672 34304 34817 35840 40961 57344 65728 65920 66304 81984 98816 114688
1 7 4101 4108 12289 16408 16432 20488 28672 32864 32960 33152 41216 49184 57344 66304 67072 67585 68608 73729 73984
1 7 4101 4108 12289 16408 16432 20488 28672 32864 32960 33152 49184 57344 66304 67072 67585 68608 73729 98560 106496
1 7 4101 4108 12289 16408 16432 20488 28672 33536 34304 34817 35840 40961 57344 65632 65728 65920 81952 98560 114688
1 7 4101 4108 12289 16480 16576 16768 24832 28672 32792 32816 36872 49184 53248 66304 67072 67585 68608 73729 73984
1 7 4101 4108 12289 16480 16576 16768 28672 33536 34304 34817 35840 40961 49408 57344 65560 65584 69640 81952 86016
1 7 4101 4108 12289 16576 16768 17152 25088 28672 32792 32816 32864 36872 49216 53248 67072 67585 68608 73729 74240
1 7 4101 4108 12289 16576 16768 17152 28672 34304 34817 35840 40961 49664 57344 65560 65584 65632 69640 81984 86016
1 7 4101 4108 12289 17152 17920 18433 19456 24577 28672 32864 32960 33152 49408 53248 65560 65584 69640 98336 102400
1 7 4101 4108 12289 17152 17920 18433 19456 24577 28672 32864 32960 33152 49408 65560 65584 69640 86016 98336 114688
1 7 4101 4108 12289 17920 18433 19456 24577 28672 32960 33152 33536 49664 53248 65560 65584 65632 69640 98368 102400
1 7 4101 4108 12289 17920 18433 19456 24577 28672 32960 33152 33536 49664 65560 65584 65632 69640 86016 98368 114688
1 7 4101 4116 9728 10241 11264 12289 16432 16480 16576 20496 28672 33152 33536 41472 49280 57344 65548 65556 65560
1 7 4101 4116 9728 10241 11264 12289 16768 17152 25088 28672 32816 32864 32960 36880 49280 53248 65548 65556 65560
1 7 4101 4120 9728 10241 11264 12289 16432 16480 16576 20496 28672 33152 33536 41472 49280 57344 65548 69636 69640
1 7 4101 4120 9728 10241 11264 12289 16768 17152 25088 28672 32816 32864 32960 36880 49280 53248 65548 69636 69640
1 7 4101 8204 8216 12289 12292 16432 16480 16576 24592 33152 33536 49280 57344 67072 67585 68608 73729 98816 106496
1 7 4101 8204 8216 12289 12292 16432 16480 16576 24592 33152 33536 49280 67072 67585 68608 73729 90112 98816 114688
2 7 4101 8204 10241 12289 12292 16408 16432 16480 24584 32960 33152 49216 57344 66304 67072 68608 75776 98560 106496
2 7 4101 8204 10241 12289 12292 16408 16432 16480 24584 33536 34304 35840 43008 57344 65728 65920 81984 98560 114688
1 7 4101 8204 12289 12292 16408 16432 16480 24584 32960 33152 33536 49216 57344 67072 67585 68608 73729 98816 106496
1 7 4101 8204 12289 12292 16408 16432 16480 24584 34304 34817 35840 40961 57344 65728 65920 66304 81984 98816 114688
1 7 4101 8204 12289 12292 16408 16432 24584 32864 32960 33152 49184 57344 66304 67072 67585 68608 73729 98560 106496
1 7 4101 8204 12289 12292 16408 16432 24584 33536 34304 34817 35840 40961 57344 65632 65728 65920 81952 98560 114688
1 7 4101 8960 9728 10241 11264 12289 16396 16408 20484 28672 32816 32864 49168 57344 65728 65920 73984 98368 106496
1 7 4101 8960 9728 10241 11264 12289 16396 16408 20484 28672 32816 49168 57344 65632 65728 65920 73984 98336 106496
1 7 4101 8960 9728 10241 11264 12289 16396 16408 20484 28672 32864 32960 33152 41216 57344 65584 81936 98336 114688
1 7 4101 8960 9728 10241 11264 12289 16396 16408 20484 28672 32960 33152 41216 57344 65584 65632 81936 98368 114688
1 7 4101 8960 9728 10241 11264 12289 16396 20484 28672 32792 32816 49160 57344 65632 65728 65920 73984 98336 106496
1 7 4101 8960 9728 10241 11264 12289 16396 20484 28672 32864 32960 33152 41216 57344 65560 65584 81928 98336 114688
1 7 4101 8960 9728 10241 11264 12289 16408 16432 20488 28672 32864 32960 33152 41216 49184 57344 65548 69636 69640
1 7 4101 8960 9728 10241 11264 12289 16408 16432 28672 32864 32960 33152 41216 49184 57344 65548 69636 81928 86016
1 7 4101 8960 9728 10241 11264 12289 16432 16480 28672 32960 33152 41216 49216 57344 65548 65560 69636 81936 86016
1 7 4101 8960 9728 10241 11264 12289 16432 28672 32864 32960 33152 41216 49184 57344 65548 65560 69636 81936 86016
1 7 4101 8960 9728 10241 11264 12289 16480 16576 16768 24832 28672 32792 32816 36872 49184 53248 65548 69636 69640
1 7 4101 8960 9728 10241 11264 12289 16480 16576 16768 24832 28672 32792 32816 49184 53248 65548 69636 98312 102400
1 7 4101 8960 9728 10241 11264 12289 16480 16576 16768 24832 28672 32792 32816 49184 65548 69636 86016 98312 114688
1 7 4101 8960 9728 10241 11264 12289 16480 16576 16768 24832 28672 32816 49184 53248 65548 65560 69636 98320 102400
1 7 4101 8960 9728 10241 11264 12289 16480 16576 16768 24832 28672 32816 49184 65548 65560 69636 86016 98320 114688
1 7 4101 8960 9728 10241 11264 12289 16576 16768 24832 28672 32816 32864 49216 53248 65548 65560 69636 98320 102400
1 7 4101 8960 9728 10241 11264 12289 16576 16768 24832 28672 32816 32864 49216 65548 65560 69636 86016 98320 114688
1 7 4101 9728 10241 11264 12289 16396 16408 16432 20484 28672 32864 32960 33152 49184 57344 66304 74240 98560 106496
1 7 4101 9728 10241 11264 12289 16396 16408 16432 20484 28672 32864 32960 49184 57344 65920 66304 74240 98432 106496
1 7 4101 9728 10241 11264 12289 16396 16408 16432 20484 28672 32864 49184 57344 65728 65920 66304 74240 98368 106496
1 7 4101 9728 10241 11264 12289 16396 16408 20484 28672 32816 32864 32960 49168 57344 65920 66304 74240 98432 106496
1 7 4101 9728 10241 11264 12289 16396 16408 20484 28672 32816 32864 49168 57344 65728 65920 66304 74240 98368 106496
1 7 4101 9728 10241 11264 12289 16396 16408 20484 28672 32960 33152 33536 41472 57344 65584 65632 81936 98368 114688
1 7 4101 9728 10241 11264 12289 16396 16408 20484 28672 33152 33536 41472 57344 65584 65632 65728 81936 98432 114688
1 7 4101 9728 10241 11264 12289 16396 20484 28672 32792 32816 32864 49160 57344 65728 65920 66304 74240 98368 106496
1 7 4101 9728 10241 11264 12289 16396 20484 28672 32960 33152 33536 41472 57344 65560 65584 65632 81928 98368 114688
1 7 4101 9728 10241 11264 12289 16408 16432 16480 20488 28672 32960 33152 33536 41472 49216 57344 65548 69636 69640
1 7 4101 9728 10241 11264 12289 16408 16432 16480 28672 32960 33152 33536 41472 49216 57344 65548 69636 81928 86016
1 7 4101 9728 10241 11264 12289 16432 16480 16576 20496 28672 33152 33536 41472 49280 57344 65548 65560 69636 69648
1 7 4101 9728 10241 11264 12289 16432 16480 16576 28672 33152 33536 41472 49280 57344 65548 65560 69636 81936 86016
1 7 4101 9728 10241 11264 12289 16432 16480 28672 32960 33152 33536 41472 49216 57344 65548 65560 69636 81936 86016
1 7 4101 9728 10241 11264 12289 16480 16576 16768 28672 33536 41472 49408 57344 65548 65560 65584 69636 81952 86016
1 7 4101 9728 10241 11264 12289 16480 16576 28672 33152 33536 41472 49280 57344 65548 65560 65584 69636 81952 86016
1 7 4101 9728 10241 11264 12289 16480 28672 32960 33152 33536 41472 49216 57344 65548 65560 65584 69636 81952 86016
1 7 4101 9728 10241 11264 12289 16576 16768 17152 25088 28672 32792 32816 32864 36872 49216 53248 65548 69636 69640
1 7 4101 9728 10241 11264 12289 16576 16768 17152 25088 28672 32792 32816 32864 49216 53248 65548 69636 98312 102400
1 7 4101 9728 10241 11264 12289 16576 16768 17152 25088 28672 32792 32816 32864 49216 65548 69636 86016 98312 114688
1 7 4101 9728 10241 11264 12289 16576 16768 17152 25088 28672 32816 32864 49216 53248 65548 65560 69636 98320 102400
1 7 4101 9728 10241 11264 12289 16576 16768 17152 25088 28672 32816 32864 49216 65548 65560 69636 86016 98320 114688
1 7 4101 9728 10241 11264 12289 16576 16768 17152 25088 28672 32864 49216 53248 65548 65560 65584 69636 98336 102400
1 7 4101 9728 10241 11264 12289 16768 17152 25088 28672 32816 32864 32960 36880 49280 53248 65548 65560 69636 69648
1 7 4101 9728 10241 11264 12289 16768 17152 25088 28672 32816 32864 32960 49280 53248 65548 65560 69636 98320 102400
1 7 4101 9728 10241 11264 12289 16768 17152 25088 28672 32816 32864 32960 49280 65548 65560 69636 86016 98320 114688
2 7 4101 9728 10241 11264 12289 16768 17152 25088 28672 32864 32960 49280 53248 65548 65560 65584 69636 98336 102400
1 7 4101 10241 11264 12289 16396 16408 20484 28672 32816 32864 32960 49168 57344 65920 66304 67072 74752 98432 106496
1 7 4101 10241 11264 12289 16432 16480 16576 28672 33152 33536 34304 41984 49280 57344 65548 65560 69636 81936 86016
2 7 4101 10241 11264 12289 16768 17152 17920 25600 28672 32816 32864 32960 49280 53248 65548 65560 69636 98320 102400
1 4099 4101 4102 8197 8204 8216 17920 18433 19456 24577 32816 32864 32960 40976 57344 65920 66304 82432 98432 114688
1 4099 4101 4102 8197 8204 8216 17920 18433 19456 24577 33152 33536 49664 57344 65584 65632 65728 73744 98432 106496
2 4099 4101 4102 8197 8204 10241 17152 17920 19456 26624 32960 33152 49408 57344 65560 65584 65632 73736 98368 106496
2 4099 4101 4102 8197 8204 10241 17152 17920 19456 26624 32960 33152 49408 65560 65584 65632 73736 90112 98368 114688
1 4099 4101 4102 8197 8204 17152 17920 18433 19456 24577 32792 32816 40968 57344 65632 65728 65920 82176 98336 114688
1 4099 4101 4102 8197 8204 17152 17920 18433 19456 24577 32864 32960 33152 49408 57344 65560 65584 73736 98336 106496
1 4099 4101 4102 8197 8204 17920 18433 19456 24577 32792 32816 32864 40968 57344 65728 65920 66304 82432 98368 114688
1 4099 4101 4102 8197 8204 17920 18433 19456 24577 32960 33152 33536 49664 57344 65560 65584 65632 73736 98368 106496
1 4099 4102 4108 4120 8240 8288 8384 12304 16768 17152 24704 28672 34304 34817 35840 36865 49664 86016 102400 114688
1 4099 4102 4108 4120 8240 8288 8384 12304 16768 17152 24704 28672 34304 34817 35840 49664 53248 69633 98305 102400
1 4099 4102 4108 4120 8240 8288 8384 12304 16768 17152 24704 28672 34304 34817 35840 49664 69633 86016 98305 114688
1 4099 4102 4108 4120 8240 8288 8384 12304 16768 17152 24704 28672 34304 34817 36865 49664 53248 68608 99328 100352
1 4099 4102 4108 4120 8240 8288 8384 12304 16768 17152 24704 28672 34304 35840 36865 49664 53248 67585 98305 100352
1 4099 4102 4108 4120 8240 8288 8384 12304 16768 17152 24704 28672 34304 35840 49664 53248 67585 69633 100352 102400
1 4099 4102 4108 4120 8240 8288 8384 12304 16768 17152 24704 28672 34304 35840 49664 67585 69633 86016 100352 114688
1 4099 4102 4108 4120 8240 8288 8384 12304 16768 17152 24704 28672 34304 36865 49664 53248 67585 68608 98305 99328
1 4099 4102 4108 4120 8240 8288 8384 12304 16768 17152 24704 28672 34304 49664 53248 67585 68608 69633 99328 102400
1 4099 4102 4108 4120 8240 8288 8384 12304 16768 17152 24704 28672 34304 49664 67585 68608 69633 86016 99328 114688
1 4099 4102 4108 4120 8240 8288 8384 12304 16768 17152 24704 28672 34817 35840 36865 49664 53248 67072 98816 99328
1 4099 4102 4108 4120 8240 8288 8384 12304 16768 17152 24704 28672 34817 36865 49664 53248 67072 68608 98816 100352
1 4099 4102 4108 4120 8240 8288 8384 12304 16768 17152 24704 28672 36865 49664 53248 67072 67585 68608 98305 98816
1 4099 4102 4108 4120 8240 8288 8384 12304 16768 17152 24704 28672 49664 53248 67072 67585 68608 69633 98816 102400
1 4099 4102 4108 4120 8240 8288 8384 12304 16768 17152 24704 28672 49664 67072 67585 68608 69633 86016 98816 114688
2 4099 4102 4108 4120 8240 8288 8384 12304 16768 17152 24704 34304 34817 35840 36865 45056 49664 90112 106496 114688
2 4099 4102 4108 4120 8240 8288 8384 12304 16768 17152 24704 34304 34817 35840 36865 49664 57344 77824 102400 106496
2 4099 4102 4108 4120 8240 8288 8384 12304 16768 17152 24704 34304 34817 35840 36865 49664 77824 90112 102400 114688
1 4099 4102 4108 4120 8240 8288 8384 12304 16768 17152 24704 34304 34817 35840 45056 49664 57344 69633 98305 102400
1 4099 4102 4108 4120 8240 8288 8384 12304 16768 17152 24704 34304 34817 35840 49664 57344 69633 77824 98305 106496
1 4099 4102 4108 4120 8240 8288 8384 12304 16768 17152 24704 34304 34817 35840 49664 69633 77824 90112 98305 114688
1 4099 4102 4108 4120 8240 8288 8384 12304 16768 17152 24704 34304 34817 36865 45056 49664 57344 68608 99328 100352
1 4099 4102 4108 4120 8240 8288 8384 12304 16768 17152 24704 34304 35840 36865 45056 49664 57344 67585 98305 100352
1 4099 4102 4108 4120 8240 8288 8384 12304 16768 17152 24704 34304 35840 45056 49664 57344 67585 69633 100352 102400
1 4099 4102 4108 4120 8240 8288 8384 12304 16768 17152 24704 34304 35840 49664 57344 67585 69633 77824 100352 106496
1 4099 4102 4108 4120 8240 8288 8384 12304 16768 17152 24704 34304 35840 49664 67585 69633 77824 90112 100352 114688
1 4099 4102 4108 4120 8240 8288 8384 12304 16768 17152 24704 34304 36865 45056 49664 57344 67585 68608 98305 99328
1 4099 4102 4108 4120 8240 8288 8384 12304 16768 17152 24704 34304 45056 49664 57344 67585 68608 69633 99328 102400
1 4099 4102 4108 4120 8240 8288 8384 12304 16768 17152 24704 34304 49664 57344 67585 68608 69633 77824 99328 106496
1 4099 4102 4108 4120 8240 8288 8384 12304 16768 17152 24704 34304 49664 67585 68608 69633 77824 90112 99328 114688
1 4099 4102 4108 4120 8240 8288 8384 12304 16768 17152 24704 34817 35840 36865 45056 49664 57344 67072 98816 99328
1 4099 4102 4108 4120 8240 8288 8384 12304 16768 17152 24704 34817 36865 45056 49664 57344 67072 68608 98816 100352
1 4099 4102 4108 4120 8240 8288 8384 12304 16768 17152 24704 36865 45056 49664 57344 67072 67585 68608 98305 98816
1 4099 4102 4108 4120 8240 8288 8384 12304 16768 17152 24704 45056 49664 57344 67072 67585 68608 69633 98816 102400
1 4099 4102 4108 4120 8240 8288 8384 12304 16768 17152 24704 49664 57344 67072 67585 68608 69633 77824 98816 106496
1 4099 4102 4108 4120 8240 8288 8384 12304 16768 17152 24704 49664 67072 67585 68608 69633 77824 90112 98816 114688
1 4099 4102 4108 4120 8240 8288 8384 12304 16768 24704 28672 33536 34304 49408 53248 67585 68608 69633 99328 102400
1 4099 4102 4108 4120 8240 8288 8384 12304 16768 24704 28672 33536 34304 49408 67585 68608 69633 86016 99328 114688
1 4099 4102 4108 4120 8240 8288 8384 12304 16768 24704 28672 33536 49408 49664 67072 67585 68608 69633 82432 86016
2 4099 4102 4108 4120 8240 8288 8384 12304 16768 24704 28672 33536 49408 53248 67072 67585 68608 69633 98816 102400
1 4099 4102 4108 4120 8240 8288 8384 12304 16768 24704 28672 33536 49408 67072 67585 68608 69633 86016 98816 114688
1 4099 4102 4108 4120 8240 8288 8384 12304 16768 24704 33536 34304 45056 49408 57344 67585 68608 69633 99328 102400
1 4099 4102 4108 4120 8240 8288 8384 12304 16768 24704 33536 34304 49408 57344 67585 68608 69633 77824 99328 106496
1 4099 4102 4108 4120 8240 8288 8384 12304 16768 24704 33536 34304 49408 67585 68608 69633 77824 90112 99328 114688
1 4099 4102 4108 4120 8240 8288 8384 12304 16768 24704 33536 49408 49664 67072 67585 68608 69633 77824 82432 90112
1 4099 4102 4108 4120 8240 8288 8384 12304 16768 24704 33536 49408 57344 67072 67585 68608 69633 77824 98816 106496
2 4099 4102 4108 4120 8240 8288 8384 12304 24704 28672 33152 33536 49280 49664 67072 67585 68608 69633 82432 86016
2 4099 4102 4108 4120 8240 8288 8384 12304 24704 33152 33536 49280 49664 67072 67585 68608 69633 77824 82432 90112
2 4099 4102 4108 4120 8240 8288 12304 16576 16768 24640 28672 33536 34304 49408 53248 67585 68608 69633 99328 102400
1 4099 4102 4108 4120 8240 8288 12304 16576 16768 24640 28672 34817 35840 36865 53248 66304 67072 82176 99328 114688
1 4099 4102 4108 4120 8240 8288 12304 16576 16768 24640 33536 34304 49408 57344 67585 68608 69633 77824 99328 106496
2 4099 4102 4108 4120 12289 12304 16432 16480 16576 24592 33152 33536 49280 57344 67072 67585 68608 73729 98816 106496
2 4099 4102 4108 4120 12289 12304 16432 16480 16576 24592 34304 34817 35840 40961 57344 65920 66304 82048 98816 114688
2 4099 4102 4108 8216 8240 8288 12296 16576 16768 17152 24640 28672 34304 34817 35840 36865 49664 86016 102400 114688
1 4099 4102 4108 8216 8240 8288 12296 16576 16768 17152 24640 28672 34304 34817 35840 49664 53248 69633 98305 102400
1 4099 4102 4108 8216 8240 8288 12296 16576 16768 17152 24640 28672 34304 34817 35840 49664 69633 86016 98305 114688
2 4099 4102 4108 8216 8240 8288 12296 16576 16768 17152 24640 28672 34304 34817 36865 49664 53248 68608 99328 100352
1 4099 4102 4108 8216 8240 8288 12296 16576 16768 17152 24640 28672 34304 35840 36865 49664 53248 67585 98305 100352
1 4099 4102 4108 8216 8240 8288 12296 16576 16768 17152 24640 28672 34304 35840 49664 53248 67585 69633 100352 102400
1 4099 4102 4108 8216 8240 8288 12296 16576 16768 17152 24640 28672 34304 35840 49664 67585 69633 86016 100352 114688
1 4099 4102 4108 8216 8240 8288 12296 16576 16768 17152 24640 28672 34304 36865 49664 53248 67585 68608 98305 99328
2 4099 4102 4108 8216 8240 8288 12296 16576 16768 17152 24640 28672 36865 49664 53248 67072 67585 68608 98305 98816
1 4099 4102 4108 8216 8240 8288 12296 16576 16768 24640 28672 33536 34304 35840 38912 49408 53248 67585 69633 71680
1 4099 4102 4108 8216 8240 8288 12296 16576 16768 24640 28672 33536 34304 35840 49408 53248 67585 69633 100352 102400
1 4099 4102 4108 8216 8240 8288 12296 16576 16768 24640 28672 33536 34304 35840 49408 67585 69633 86016 100352 114688
1 4099 4102 4108 8216 8240 8288 12296 16576 16768 24640 28672 33536 34304 49408 53248 67585 68608 69633 99328 102400
1 4099 4102 4108 8216 8240 8288 12296 16576 16768 24640 28672 33536 34304 49408 67585 68608 69633 86016 99328 114688
1 4099 4102 4108 8216 8240 8288 12296 16576 16768 24640 28672 33536 49408 49664 67072 67585 68608 69633 82432 86016
1 4099 4102 4108 8216 8240 8288 12296 16576 16768 24640 28672 33536 49408 53248 67072 67585 68608 69633 98816 102400
1 4099 4102 4108 8216 8240 8288 12296 16576 16768 24640 28672 33536 49408 67072 67585 68608 69633 86016 98816 114688
2 4099 4102 4108 8216 8240 8288 12296 16576 17152 24640 28672 33152 49280 49408 67072 67585 68608 69633 82432 86016
1 4099 4102 4108 8216 8240 8288 12296 16576 24640 28672 33152 33536 34304 49280 53248 67585 68608 69633 99328 102400
1 4099 4102 4108 8216 8240 8288 12296 16576 24640 28672 33152 33536 34304 49280 67585 68608 69633 86016 99328 114688
1 4099 4102 4108 8216 8240 8288 12296 16576 24640 28672 33152 33536 49280 49664 67072 67585 68608 69633 82432 86016
1 4099 4102 4108 8216 8240 8288 12296 16576 24640 28672 33152 33536 49280 67072 67585 68608 69633 86016 98816 114688
1 4099 4102 4108 8216 8240 8288 12296 16768 17152 17920 24704 28672 34817 35840 36865 50176 53248 65728 73792 73856
1 4099 4102 4108 8216 8240 8288 12296 16768 17152 17920 28672 32960 41024 49280 57344 67585 68608 69633 82944 86016
2 4099 4102 4108 8216 8240 8288 12296 17152 17920 28672 32960 33152 41024 49408 57344 67585 68608 69633 82944 86016
2 4099 4102 4108 8216 8240 8288 12296 20481 28672 32960 33152 33536 41024 49664 57344 67072 67585 68608 81921 82432
2 4099 4102 4108 8216 8240 8288 12296 20481 28672 32960 33152 33536 41024 57344 67072 67585 68608 81921 98816 114688
8 4099 4102 4108 8216 8240 8288 12296 28672 32960 33152 33536 41024 57344 67072 67585 68608 69633 86016 98816 114688
1 4099 4102 4108 8216 8240 8384 12296 16768 17152 17920 24704 28672 34817 35840 36865 50176 53248 65632 73760 73792
1 4099 4102 4108 8216 8240 8384 12296 18433 19456 20481 28672 33152 33536 34304 41088 50176 57344 65632 73760 73792
1 4099 4102 4108 8216 8240 12296 16480 16576 16768 24608 28672 33536 34304 36865 49408 53248 67585 68608 98305 99328
1 4099 4102 4108 8216 8240 12296 16480 16576 16768 24608 28672 33536 34304 49408 53248 67585 68608 69633 99328 102400
2 4099 4102 4108 8216 8240 12296 16480 16576 16768 24608 28672 33536 34817 36865 49408 53248 67072 68608 98816 100352
1 4099 4102 4108 8216 8240 12296 16480 16576 16768 24608 28672 33536 36865 49408 53248 67072 67585 68608 98305 98816
1 4099 4102 4108 8216 8240 12296 16480 16576 24608 28672 33152 33536 34304 49280 67585 68608 69633 86016 99328 114688
1 4099 4102 4108 8216 8240 12296 17152 17920 20481 28672 32864 32960 33152 40992 49408 57344 67585 68608 81921 82944
2 4099 4102 4108 8216 8240 12296 17152 18433 20481 28672 32864 32960 33152 40992 49408 57344 67072 68608 82432 83968
1 4099 4102 4108 8216 8240 12296 17152 20481 28672 32864 32960 33152 40992 49408 57344 67072 67585 68608 81921 82432
2 4099 4102 4108 8216 8240 12296 18433 19456 20481 28672 32864 32960 40992 57344 65920 66304 67072 82944 98432 114688
