1 7 13 56 8201 8232 16480 16576 16768 24608 33536 34304 49408 57344 68608 69633 71680 73729 99328 106496
1 7 13 56 8201 8232 16480 16576 16768 24608 33536 34304 49408 68608 69633 71680 73729 90112 99328 114688
1 7 13 6145 8201 10241 16408 16432 16480 24584 32960 33152 49216 57344 66304 67072 68608 75776 98560 106496
1 7 13 6145 8201 10241 16408 16432 16480 24584 33536 34304 35840 43008 57344 65728 65920 81984 98560 114688
1 7 13 8201 8216 8240 16480 16576 16768 24608 33536 34304 49408 57344 68608 69633 71680 73729 99328 106496
1 7 13 8201 8216 8240 16480 16576 16768 24608 35840 36865 38912 40961 57344 66304 67072 82176 99328 114688
1 7 13 8201 8216 12289 16432 16480 16576 24592 33152 33536 49280 57344 67072 68608 71680 77824 98816 106496
1 7 13 8201 8216 12289 16432 16480 16576 24592 33152 33536 49280 67072 68608 71680 77824 90112 98816 114688
1 7 13 8201 8216 16432 16480 16576 24592 33152 33536 34304 49280 57344 68608 69633 71680 73729 99328 106496
1 7 13 8201 8216 16432 16480 16576 24592 33152 33536 34304 49280 68608 69633 71680 73729 90112 99328 114688
1 7 13 8201 8216 16432 16480 16576 24592 33152 33536 49280 57344 67072 68608 69633 71680 73729 98816 106496
1 7 13 8201 8216 16432 16480 16576 24592 33152 33536 49280 67072 68608 69633 71680 73729 90112 98816 114688
1 7 13 8201 8216 16432 16480 24592 32960 33152 33536 49216 57344 67072 68608 69633 71680 73729 98816 106496
1 7 13 8201 8216 16432 16480 24592 32960 33152 33536 49216 67072 68608 69633 71680 73729 90112 98816 114688
1 7 13 8201 12289 14336 16408 16432 16480 24584 32960 33152 49216 57344 66304 67072 68608 75776 98560 106496
1 7 13 8201 12289 14336 16408 16432 16480 24584 33536 34304 35840 43008 57344 65728 65920 81984 98560 114688
1 7 13 8201 12289 16408 16432 16480 16576 24584 33152 33536 34304 49280 57344 68608 71680 77824 99328 106496
1 7 13 8201 12289 16408 16432 16480 16576 24584 33152 33536 49280 57344 67072 68608 71680 77824 98816 106496
1 7 13 8201 12289 16408 16432 16480 16576 24584 34304 35840 38912 45056 57344 65920 66304 82048 98816 114688
1 7 13 8201 12289 16408 16432 16480 16576 24584 35840 38912 45056 57344 65920 66304 67072 82048 99328 114688
1 7 13 8201 12289 16408 16432 16480 24584 32960 33152 33536 49216 57344 67072 68608 71680 77824 98816 106496
1 7 13 8201 12289 16408 16432 16480 24584 34304 35840 38912 45056 57344 65728 65920 66304 81984 98816 114688
1 7 13 8201 16408 16432 16480 16576 24584 33152 33536 34304 49280 57344 68608 69633 71680 73729 99328 106496
1 7 13 8201 16408 16432 16480 16576 24584 35840 36865 38912 40961 57344 65920 66304 67072 82048 99328 114688
1 7 13 8201 16408 16432 16480 24584 32960 33152 33536 49216 57344 67072 68608 69633 71680 73729 98816 106496
1 7 13 8201 16408 16432 16480 24584 34304 35840 36865 38912 40961 57344 65728 65920 66304 81984 98816 114688
1 7 28 112 448 8197 8212 19456 20481 22528 24577 32848 33088 40976 57344 66304 67072 82944 98560 114688
1 7 28 112 448 8197 8212 19456 20481 22528 24577 33536 34304 50176 57344 65616 65856 73744 98560 106496
2 7 28 112 448 8197 12289 17920 19456 22528 28672 33088 33536 49664 57344 65556 65616 73732 98368 106496
2 7 28 112 448 8197 12289 17920 19456 22528 28672 33088 33536 49664 65556 65616 73732 90112 98368 114688
1 7 28 112 8197 8212 12289 17920 19456 22528 28672 33152 33536 49664 57344 65616 65728 73744 98432 106496
1 7 28 112 8197 8212 12289 17920 19456 22528 28672 33152 33536 49664 65616 65728 73744 90112 98432 114688
1 7 28 112 8197 8212 19456 20481 22528 24577 32848 32960 33152 40976 57344 66304 67072 82944 98560 114688
1 7 28 112 8197 8212 19456 20481 22528 24577 32848 32960 40976 57344 65920 66304 67072 82944 98432 114688
1 7 28 112 8197 8212 19456 20481 22528 24577 33152 33536 34304 50176 57344 65616 65728 73744 98432 106496
1 7 28 112 8197 8212 19456 20481 22528 24577 33536 34304 50176 57344 65616 65728 65920 73744 98560 106496
1 7 28 112 8197 8212 20481 22528 24577 32848 32960 33152 40976 57344 66304 67072 68608 83968 98560 114688
1 7 28 112 8197 8212 20481 22528 24577 33536 34304 35840 51200 57344 65616 65728 65920 73744 98560 106496
1 7 28 224 8197 8212 8240 19456 20481 22528 24577 32928 33152 40992 57344 66304 67072 82944 98560 114688
1 7 28 224 8197 8212 8240 19456 20481 22528 24577 33536 34304 50176 57344 65696 65920 73760 98560 106496
1 7 28 224 8197 8212 19456 20481 22528 24577 32816 32928 33152 40976 57344 66304 67072 82944 98560 114688
1 7 28 224 8197 8212 19456 20481 22528 24577 32816 32928 40976 57344 65920 66304 67072 82944 98432 114688
1 7 28 224 8197 8212 19456 20481 22528 24577 33152 33536 34304 50176 57344 65584 65696 73744 98432 106496
1 7 28 224 8197 8212 19456 20481 22528 24577 33536 34304 50176 57344 65584 65696 65920 73744 98560 106496
1 7 28 224 8197 8212 20481 22528 24577 32816 32928 33152 40976 57344 66304 67072 68608 83968 98560 114688
1 7 28 224 8197 8212 20481 22528 24577 33536 34304 35840 51200 57344 65584 65696 65920 73744 98560 106496
1 7 28 224 8197 12289 14336 17152 17920 19456 26624 32788 32816 40964 57344 65696 65920 82176 98336 114688
1 7 28 224 8197 12289 14336 17152 17920 19456 26624 32928 33152 49408 57344 65556 65584 73732 98336 106496
1 7 28 224 8197 12289 19456 22528 28672 33152 33536 34304 50176 57344 65556 65584 65696 73732 98432 106496
1 7 28 224 8197 12289 19456 22528 28672 33152 33536 34304 50176 65556 65584 65696 73732 90112 98432 114688
1 7 28 448 8197 8212 19456 20481 22528 24577 32816 32864 33088 40976 57344 66304 67072 82944 98560 114688
1 7 28 448 8197 8212 19456 20481 22528 24577 33536 34304 50176 57344 65584 65632 65856 73744 98560 106496
1 7 28 448 8197 8212 20481 22528 24577 32816 32864 33088 40976 57344 66304 67072 68608 83968 98560 114688
1 7 28 448 8197 8212 20481 22528 24577 33536 34304 35840 51200 57344 65584 65632 65856 73744 98560 106496
1 7 28 448 8197 12289 14336 17152 17920 19456 26624 32788 32816 32864 40964 57344 65856 82176 98368 114688
1 7 28 448 8197 12289 14336 17152 17920 19456 26624 32788 32816 40964 57344 65632 65856 82176 98336 114688
1 7 28 448 8197 12289 14336 17152 17920 19456 26624 32864 33088 49408 57344 65556 65584 73732 98336 106496
1 7 28 448 8197 12289 14336 17152 17920 19456 26624 33088 49408 57344 65556 65584 65632 73732 98368 106496
1 7 28 448 8197 12289 14336 17920 19456 26624 32788 32816 32864 40964 57344 65856 66304 82432 98368 114688
1 7 28 448 8197 12289 14336 17920 19456 26624 33088 33536 49664 57344 65556 65584 65632 73732 98368 106496
1 7 28 448 8197 12289 17920 19456 22528 28672 33088 33536 49664 57344 65556 65584 65632 73732 98368 106496
1 7 28 448 8197 12289 17920 19456 22528 28672 33088 33536 49664 65556 65584 65632 73732 90112 98368 114688
1 7 28 896 8197 8212 17920 19456 20481 22528 24577 32816 32864 32960 40976 57344 66176 82432 98432 114688
1 7 28 896 8197 8212 17920 19456 20481 22528 24577 32816 32864 40976 57344 65728 66176 82432 98368 114688
1 7 28 896 8197 8212 17920 19456 20481 22528 24577 32960 33408 49664 57344 65584 65632 73744 98368 106496
1 7 28 896 8197 8212 17920 19456 20481 22528 24577 33408 49664 57344 65584 65632 65728 73744 98432 106496
1 7 28 896 8197 8212 19456 20481 22528 24577 32816 32864 32960 40976 57344 66176 67072 82944 98432 114688
1 7 28 896 8197 8212 19456 20481 22528 24577 33408 34304 50176 57344 65584 65632 65728 73744 98432 106496
1 7 28 896 8197 12289 14336 17920 19456 26624 32788 32816 32864 40964 57344 65728 66176 82432 98368 114688
1 7 28 896 8197 12289 14336 17920 19456 26624 32960 33408 49664 57344 65556 65584 65632 73732 98368 106496
1 7 28 896 8197 12289 17920 19456 22528 28672 32960 33408 49664 57344 65556 65584 65632 73732 98368 106496
1 7 28 896 8197 12289 17920 19456 22528 28672 32960 33408 49664 65556 65584 65632 73732 90112 98368 114688
1 7 28 896 8197 12289 19456 22528 28672 33408 34304 50176 57344 65556 65584 65632 65728 73732 98432 106496
1 7 28 896 8197 12289 19456 22528 28672 33408 34304 50176 65556 65584 65632 65728 73732 90112 98432 114688
1 7 28 8197 8212 8240 19456 20481 22528 24577 32864 32960 33152 40992 57344 66304 67072 82944 98560 114688
1 7 28 8197 8212 8240 19456 20481 22528 24577 33536 34304 50176 57344 65632 65728 65920 73760 98560 106496
1 7 28 8197 8212 17920 19456 20481 22528 24577 32816 32864 32960 40976 57344 65920 66304 82432 98432 114688
1 7 28 8197 8212 17920 19456 20481 22528 24577 32816 32864 40976 57344 65728 65920 66304 82432 98368 114688
1 7 28 8197 8212 17920 19456 20481 22528 24577 32960 33152 33536 49664 57344 65584 65632 73744 98368 106496
1 7 28 8197 8212 17920 19456 20481 22528 24577 33152 33536 49664 57344 65584 65632 65728 73744 98432 106496
2 7 28 8197 8212 19456 20481 22528 24577 32816 32864 32960 40976 57344 65920 66304 67072 82944 98432 114688
2 7 28 8197 8212 19456 20481 22528 24577 33152 33536 34304 50176 57344 65584 65632 65728 73744 98432 106496
1 7 28 8197 11264 12289 14336 16768 17152 17920 25600 32864 32960 49280 57344 65556 65584 73732 98336 106496
1 7 28 8197 11264 12289 14336 16768 17152 17920 25600 32864 32960 49280 65556 65584 73732 90112 98336 114688
1 7 28 8197 12289 14336 17152 17920 19456 26624 32788 32816 32864 40964 57344 65728 65920 82176 98368 114688
1 7 28 8197 12289 14336 17152 17920 19456 26624 32788 32816 40964 57344 65632 65728 65920 82176 98336 114688
1 7 28 8197 12289 14336 17152 17920 19456 26624 32864 32960 33152 49408 57344 65556 65584 73732 98336 106496
1 7 28 8197 12289 14336 17152 17920 19456 26624 32960 33152 49408 57344 65556 65584 65632 73732 98368 106496
2 7 56 8197 8204 8232 19456 20481 22528 24577 32864 32960 33152 40992 57344 66304 67072 82944 98560 114688
2 7 56 8197 8204 8232 19456 20481 22528 24577 33536 34304 50176 57344 65632 65728 65920 73760 98560 106496
1 7 56 8197 8204 12289 14336 17152 17920 19456 26624 32808 32864 40968 57344 65728 65920 82176 98368 114688
1 7 56 8197 8204 12289 14336 17152 17920 19456 26624 32960 33152 49408 57344 65576 65632 73736 98368 106496
1 7 56 8197 8204 12289 17920 19456 22528 28672 32960 33152 33536 49664 57344 65576 65632 73736 98368 106496
1 7 56 8197 8204 12289 17920 19456 22528 28672 32960 33152 33536 49664 65576 65632 73736 90112 98368 114688
1 7 56 8197 8204 12289 17920 19456 22528 28672 33152 33536 49664 57344 65576 65632 65728 73736 98432 106496
1 7 56 8197 8204 12289 17920 19456 22528 28672 33152 33536 49664 65576 65632 65728 73736 90112 98432 114688
1 7 56 8197 8204 12289 19456 22528 28672 33152 33536 34304 50176 57344 65576 65632 65728 73736 98432 106496
1 7 56 8197 8204 12289 19456 22528 28672 33152 33536 34304 50176 65576 65632 65728 73736 90112 98432 114688
1 7 56 8197 8204 17920 19456 20481 22528 24577 32808 32864 40968 57344 65728 65920 66304 82432 98368 114688
1 7 56 8197 8204 17920 19456 20481 22528 24577 32808 40968 57344 65632 65728 65920 66304 82432 98336 114688
1 7 56 8197 8204 17920 19456 20481 22528 24577 32864 32960 33152 33536 49664 57344 65576 73736 98336 106496
1 7 56 8197 8204 17920 19456 20481 22528 24577 32960 33152 33536 49664 57344 65576 65632 73736 98368 106496
1 7 56 8197 8204 19456 20481 22528 24577 32808 32864 32960 40968 57344 65920 66304 67072 82944 98432 114688
1 7 56 8197 8204 19456 20481 22528 24577 33152 33536 34304 50176 57344 65576 65632 65728 73736 98432 106496
1 7 112 8197 8204 8216 12289 17920 19456 22528 28672 33152 33536 49664 57344 65616 65728 73744 98432 106496
1 7 112 8197 8204 8216 12289 17920 19456 22528 28672 33152 33536 49664 65616 65728 73744 90112 98432 114688
1 7 112 8197 8204 8216 17920 19456 20481 22528 24577 32848 32960 40976 57344 65920 66304 82432 98432 114688
1 7 112 8197 8204 8216 17920 19456 20481 22528 24577 32848 40976 57344 65728 65920 66304 82432 98368 114688
1 7 112 8197 8204 8216 17920 19456 20481 22528 24577 32960 33152 33536 49664 57344 65616 73744 98368 106496
1 7 112 8197 8204 8216 17920 19456 20481 22528 24577 33152 33536 49664 57344 65616 65728 73744 98432 106496
1 7 112 8197 8204 8216 19456 20481 22528 24577 32848 32960 33152 40976 57344 66304 67072 82944 98560 114688
1 7 112 8197 8204 8216 19456 20481 22528 24577 32848 32960 40976 57344 65920 66304 67072 82944 98432 114688
1 7 112 8197 8204 8216 19456 20481 22528 24577 33152 33536 34304 50176 57344 65616 65728 73744 98432 106496
1 7 112 8197 8204 8216 19456 20481 22528 24577 33536 34304 50176 57344 65616 65728 65920 73744 98560 106496
1 7 112 8197 8204 8216 20481 22528 24577 32848 32960 33152 40976 57344 66304 67072 68608 83968 98560 114688
1 7 112 8197 8204 8216 20481 22528 24577 33536 34304 35840 51200 57344 65616 65728 65920 73744 98560 106496
1 7 112 8197 8204 12289 17920 19456 22528 28672 32960 33152 33536 49664 57344 65560 65616 73736 98368 106496
1 7 112 8197 8204 12289 17920 19456 22528 28672 32960 33152 33536 49664 65560 65616 73736 90112 98368 114688
1 7 112 8197 8204 12289 17920 19456 22528 28672 33152 33536 49664 57344 65560 65616 65728 73736 98432 106496
1 7 112 8197 8204 12289 17920 19456 22528 28672 33152 33536 49664 65560 65616 65728 73736 90112 98432 114688
1 7 112 8197 8204 17920 19456 20481 22528 24577 32792 32848 40968 57344 65728 65920 66304 82432 98368 114688
1 7 112 8197 8204 17920 19456 20481 22528 24577 32960 33152 33536 49664 57344 65560 65616 73736 98368 106496
1 7 224 8197 8204 8216 8240 19456 20481 22528 24577 32928 33152 40992 57344 66304 67072 82944 98560 114688
1 7 224 8197 8204 8216 8240 19456 20481 22528 24577 33536 34304 50176 57344 65696 65920 73760 98560 106496
1 7 224 8197 8204 8216 17920 19456 20481 22528 24577 32816 32928 40976 57344 65920 66304 82432 98432 114688
1 7 224 8197 8204 8216 17920 19456 20481 22528 24577 33152 33536 49664 57344 65584 65696 73744 98432 106496
1 7 224 8197 8204 8216 19456 20481 22528 24577 32816 32928 33152 40976 57344 66304 67072 82944 98560 114688
1 7 224 8197 8204 8216 19456 20481 22528 24577 32816 32928 40976 57344 65920 66304 67072 82944 98432 114688
1 7 224 8197 8204 8216 19456 20481 22528 24577 33152 33536 34304 50176 57344 65584 65696 73744 98432 106496
1 7 224 8197 8204 8216 19456 20481 22528 24577 33536 34304 50176 57344 65584 65696 65920 73744 98560 106496
1 7 224 8197 8204 8216 20481 22528 24577 32816 32928 33152 40976 57344 66304 67072 68608 83968 98560 114688
1 7 224 8197 8204 8216 20481 22528 24577 33536 34304 35840 51200 57344 65584 65696 65920 73744 98560 106496
1 7 224 8197 8204 17920 19456 20481 22528 24577 32792 32816 40968 57344 65696 65920 66304 82432 98336 114688
1 7 224 8197 8204 17920 19456 20481 22528 24577 32928 33152 33536 49664 57344 65560 65584 73736 98336 106496
1 7 224 8197 12289 14336 16768 17152 17920 19456 26624 32780 32792 32816 40964 57344 65696 82048 98336 114688
1 7 224 8197 12289 14336 16768 17152 17920 19456 26624 32928 49280 57344 65548 65560 65584 73732 98336 106496
1 7 224 8197 12289 14336 17152 17920 19456 26624 32780 32792 32816 40964 57344 65696 65920 82176 98336 114688
1 7 224 8197 12289 14336 17152 17920 19456 26624 32928 33152 49408 57344 65548 65560 65584 73732 98336 106496
1 7 448 8197 8204 8216 17920 19456 20481 22528 24577 32816 32864 40976 57344 65856 66304 82432 98368 114688
1 7 448 8197 8204 8216 17920 19456 20481 22528 24577 33088 33536 49664 57344 65584 65632 73744 98368 106496
1 7 448 8197 8204 8216 19456 20481 22528 24577 32816 32864 33088 40976 57344 66304 67072 82944 98560 114688
1 7 448 8197 8204 8216 19456 20481 22528 24577 33536 34304 50176 57344 65584 65632 65856 73744 98560 106496
1 7 448 8197 8204 12289 17152 17920 19456 22528 28672 32864 33088 49408 57344 65560 65584 73736 98336 106496
1 7 448 8197 8204 12289 17152 17920 19456 22528 28672 32864 33088 49408 65560 65584 73736 90112 98336 114688
1 7 448 8197 8204 12289 17152 17920 19456 22528 28672 33088 49408 57344 65560 65584 65632 73736 98368 106496
1 7 448 8197 8204 12289 17152 17920 19456 22528 28672 33088 49408 65560 65584 65632 73736 90112 98368 114688
1 7 448 8197 8204 12289 17920 19456 22528 28672 33088 33536 49664 57344 65560 65584 65632 73736 98368 106496
1 7 448 8197 8204 12289 17920 19456 22528 28672 33088 33536 49664 65560 65584 65632 73736 90112 98368 114688
2 7 448 8197 8204 17152 17920 19456 20481 22528 24577 32792 32816 40968 57344 65632 65856 82176 98336 114688
2 7 448 8197 8204 17152 17920 19456 20481 22528 24577 32864 33088 49408 57344 65560 65584 73736 98336 106496
1 7 448 8197 8204 17920 19456 20481 22528 24577 32792 32816 32864 40968 57344 65856 66304 82432 98368 114688
1 7 448 8197 8204 17920 19456 20481 22528 24577 33088 33536 49664 57344 65560 65584 65632 73736 98368 106496
1 7 448 8197 8204 19456 20481 22528 24577 32792 32816 32864 40968 57344 65856 66304 67072 82944 98368 114688
1 7 448 8197 8204 19456 20481 22528 24577 33088 33536 34304 50176 57344 65560 65584 65632 73736 98368 106496
1 7 448 8197 12289 14336 17152 17920 19456 26624 32780 32792 32816 32864 40964 57344 65856 82176 98368 114688
1 7 448 8197 12289 14336 17152 17920 19456 26624 33088 49408 57344 65548 65560 65584 65632 73732 98368 106496
1 7 448 8197 12289 14336 17920 19456 26624 32780 32792 32816 32864 40964 57344 65856 66304 82432 98368 114688
1 7 448 8197 12289 14336 17920 19456 26624 33088 33536 49664 57344 65548 65560 65584 65632 73732 98368 106496
2 7 448 8197 12289 17920 19456 22528 28672 33088 33536 49664 57344 65548 65560 65584 65632 73732 98368 106496
2 7 448 8197 12289 17920 19456 22528 28672 33088 33536 49664 65548 65560 65584 65632 73732 90112 98368 114688
1 7 8197 8204 8216 8240 19456 20481 22528 24577 32864 32960 33152 40992 57344 66304 67072 82944 98560 114688
1 7 8197 8204 8216 8240 19456 20481 22528 24577 33536 34304 50176 57344 65632 65728 65920 73760 98560 106496
1 7 8197 8204 8216 12289 17920 19456 22528 28672 33152 33536 49664 57344 65584 65632 65728 73744 98432 106496
1 7 8197 8204 8216 12289 17920 19456 22528 28672 33152 33536 49664 65584 65632 65728 73744 90112 98432 114688
1 7 8197 8204 8216 17920 19456 20481 22528 24577 32816 32864 32960 40976 57344 65920 66304 82432 98432 114688
1 7 8197 8204 8216 17920 19456 20481 22528 24577 32816 32864 40976 57344 65728 65920 66304 82432 98368 114688
1 7 8197 8204 8216 17920 19456 20481 22528 24577 32960 33152 33536 49664 57344 65584 65632 73744 98368 106496
1 7 8197 8204 8216 17920 19456 20481 22528 24577 33152 33536 49664 57344 65584 65632 65728 73744 98432 106496
1 7 8197 8204 8216 19456 20481 22528 24577 32816 32864 32960 33152 40976 57344 66304 67072 82944 98560 114688
1 7 8197 8204 8216 19456 20481 22528 24577 32816 32864 32960 40976 57344 65920 66304 67072 82944 98432 114688
1 7 8197 8204 8216 19456 20481 22528 24577 33152 33536 34304 50176 57344 65584 65632 65728 73744 98432 106496
1 7 8197 8204 8216 19456 20481 22528 24577 33536 34304 50176 57344 65584 65632 65728 65920 73744 98560 106496
1 7 8197 8204 8216 20481 22528 24577 32816 32864 32960 33152 40976 57344 66304 67072 68608 83968 98560 114688
1 7 8197 8204 8216 20481 22528 24577 33536 34304 35840 51200 57344 65584 65632 65728 65920 73744 98560 106496
1 7 8197 8204 12289 17152 17920 19456 22528 28672 32864 32960 33152 49408 57344 65560 65584 73736 98336 106496
1 7 8197 8204 12289 17152 17920 19456 22528 28672 32864 32960 33152 49408 65560 65584 73736 90112 98336 114688
1 7 8197 8204 12289 17152 17920 19456 22528 28672 32960 33152 49408 57344 65560 65584 65632 73736 98368 106496
1 7 8197 8204 12289 17152 17920 19456 22528 28672 32960 33152 49408 65560 65584 65632 73736 90112 98368 114688
2 7 8197 8204 12289 17920 19456 22528 28672 32960 33152 33536 49664 57344 65560 65584 65632 73736 98368 106496
2 7 8197 8204 12289 17920 19456 22528 28672 32960 33152 33536 49664 65560 65584 65632 73736 90112 98368 114688
1 7 8197 8204 17152 17920 19456 20481 22528 24577 32792 32816 40968 57344 65632 65728 65920 82176 98336 114688
1 7 8197 8204 17152 17920 19456 20481 22528 24577 32864 32960 33152 49408 57344 65560 65584 73736 98336 106496
1 7 8197 8204 17920 19456 20481 22528 24577 32792 32816 32864 40968 57344 65728 65920 66304 82432 98368 114688
1 7 8197 8204 17920 19456 20481 22528 24577 32792 32816 40968 57344 65632 65728 65920 66304 82432 98336 114688
1 7 8197 8204 17920 19456 20481 22528 24577 32864 32960 33152 33536 49664 57344 65560 65584 73736 98336 106496
1 7 8197 8204 17920 19456 20481 22528 24577 32960 33152 33536 49664 57344 65560 65584 65632 73736 98368 106496
1 7 8197 8204 19456 20481 22528 24577 32792 32816 32864 32960 40968 57344 65920 66304 67072 82944 98432 114688
1 7 8197 8204 19456 20481 22528 24577 32792 32816 32864 40968 57344 65728 65920 66304 67072 82944 98368 114688
1 7 8197 8204 19456 20481 22528 24577 32960 33152 33536 34304 50176 57344 65560 65584 65632 73736 98368 106496
1 7 8197 8204 19456 20481 22528 24577 33152 33536 34304 50176 57344 65560 65584 65632 65728 73736 98432 106496
1 7 8197 8204 20481 22528 24577 32792 32816 32864 32960 40968 57344 65920 66304 67072 68608 83968 98432 114688
1 7 8197 8204 20481 22528 24577 33152 33536 34304 35840 51200 57344 65560 65584 65632 65728 73736 98432 106496
1 7 8197 17920 19456 20481 22528 24577 32780 32792 32816 40964 57344 65632 65728 65920 66304 82432 98336 114688
1 7 8197 17920 19456 20481 22528 24577 32864 32960 33152 33536 49664 57344 65548 65560 65584 73732 98336 106496
2 8195 8198 8204 8216 8240 16480 16576 16768 24608 33536 34304 49408 57344 68608 69633 71680 73729 99328 106496
2 8195 8198 8204 8216 8240 16480 16576 16768 24608 35840 36865 38912 40961 57344 66304 67072 82176 99328 114688
1 8195 8198 8204 8216 16432 16480 16576 16768 24592 33536 34304 35840 49408 57344 69633 71680 73729 100352 106496
1 8195 8198 8204 8216 16432 16480 16576 16768 24592 33536 34304 35840 49408 69633 71680 73729 90112 100352 114688
2 8195 8198 8204 8216 16432 16480 16576 24592 33152 33536 34304 49280 57344 68608 69633 71680 73729 99328 106496
2 8195 8198 8204 8216 16432 16480 16576 24592 33152 33536 34304 49280 68608 69633 71680 73729 90112 99328 114688
