2 7 13 56 104 448 1792 3328 14336 26624 49153 65545 65608 65856 67840 81921 83968
1 7 13 56 104 448 1792 3328 14336 26624 65545 65608 65856 67840 83968 98305 114688
1 7 13 56 104 448 1792 3328 22528 28672 49153 65545 65608 65856 67840 81921 83968
1 7 13 56 104 448 1792 3328 22528 28672 65545 65608 65856 67840 83968 98305 114688
1 7 13 56 104 448 2816 3584 14336 26624 49153 65545 65608 65856 67840 81921 83968
1 7 13 56 104 448 2816 3584 14336 26624 65545 65608 65856 67840 83968 98305 114688
2 7 13 56 104 448 2816 3584 22528 28672 49153 65545 65608 65856 67840 81921 83968
2 7 13 56 104 448 2816 3584 22528 28672 65545 65608 65856 67840 83968 98305 114688
2 7 13 56 104 1792 3328 14336 26624 65545 65608 65728 65920 67840 83968 98305 114688
1 7 13 56 104 1792 3328 22528 28672 49153 65545 65608 65728 65920 67840 81921 83968
1 7 13 56 104 1792 3328 22528 28672 65545 65608 65728 65920 67840 83968 98305 114688
1 7 13 56 104 2816 3584 14336 26624 49153 65545 65608 65728 65920 67840 81921 83968
1 7 13 56 104 2816 3584 14336 26624 65545 65608 65728 65920 67840 83968 98305 114688
2 7 13 56 104 2816 3584 22528 28672 49153 65545 65608 65728 65920 67840 81921 83968
2 7 13 56 104 2816 3584 22528 28672 65545 65608 65728 65920 67840 83968 98305 114688
2 7 13 56 224 416 2816 3584 14336 24577 49153 65545 65576 65824 67840 73729 75776
1 7 13 56 224 416 2816 3584 24577 49153 65545 65576 65824 67840 71680 73729 77824
4 7 13 56 352 448 1792 3328 14336 24577 49153 65545 65576 65824 67840 73729 75776
2 7 13 56 352 448 1792 3328 24577 49153 65545 65576 65824 67840 71680 73729 77824
4 7 13 88 112 448 1792 3328 22528 28672 49153 65545 65608 65856 67840 81921 83968
2 7 13 88 112 448 1792 3328 22528 28672 65545 65608 65856 67840 83968 98305 114688
4 7 13 88 112 1792 3328 22528 28672 65545 65608 65728 65920 67840 83968 98305 114688
2 7 13 88 112 2816 3584 14336 26624 65545 65608 65728 65920 67840 83968 98305 114688
4 7 13 352 448 1792 3328 24577 49153 65545 65560 65584 65824 67840 71680 73729 77824
