1 7 13 56 224 896 32777 32808 65696 66176 98336 132608 134144 137216 197120 229376 274432 278529 286720 294913 397312 425984
1 7 13 56 224 896 32777 32808 65696 66176 98336 132608 134144 137216 197120 274432 278529 286720 294913 360448 397312 458752
1 7 13 56 224 3584 32777 32808 65696 65920 66304 98336 133632 137216 197120 229376 274432 278529 286720 294913 397312 425984
1 7 13 56 224 3584 32777 32808 65696 65920 66304 98336 133632 137216 197120 274432 278529 286720 294913 360448 397312 458752
1 7 13 56 224 3584 32777 32808 65696 65920 98336 131840 133632 196864 229376 268288 274432 278529 286720 294913 395264 425984
1 7 13 56 224 3584 32777 32808 65696 65920 98336 131840 133632 196864 268288 274432 278529 286720 294913 360448 395264 458752
1 7 13 56 224 14336 32777 32808 65696 65920 98336 131840 132608 134144 196864 229376 272384 278529 286720 294913 395264 425984
1 7 13 56 224 14336 32777 32808 65696 65920 98336 131840 132608 134144 196864 272384 278529 286720 294913 360448 395264 458752
1 7 13 56 224 24577 32777 40961 65576 65696 98312 131456 131840 132608 196736 229376 265216 268288 274432 303104 394240 425984
1 7 13 56 224 24577 32777 40961 65576 65696 98312 134144 137216 143360 172032 229376 262528 262912 263680 327808 394240 458752
1 7 13 56 224 32777 32808 65696 65920 66304 98336 132608 134144 137216 197120 229376 274432 278529 286720 294913 397312 425984
1 7 13 56 224 32777 32808 65696 65920 66304 98336 132608 134144 137216 197120 274432 278529 286720 294913 360448 397312 458752
1 7 13 56 224 32777 32808 65696 65920 98336 131840 132608 134144 196864 229376 268288 274432 278529 286720 294913 395264 425984
1 7 13 56 224 32777 32808 65696 65920 98336 131840 132608 134144 196864 268288 274432 278529 286720 294913 360448 395264 458752
1 7 13 56 224 32777 49153 57344 65576 65696 98312 131456 131840 132608 196736 229376 265216 268288 274432 303104 394240 425984
1 7 13 56 224 32777 49153 57344 65576 65696 98312 134144 137216 143360 172032 229376 262528 262912 263680 327808 394240 458752
1 7 13 56 896 32777 32808 65632 65728 66176 98336 132608 134144 137216 197120 229376 274432 278529 286720 294913 397312 425984
1 7 13 56 896 32777 32808 65632 65728 66176 98336 132608 134144 137216 197120 274432 278529 286720 294913 360448 397312 458752
1 7 13 56 3584 32777 32808 65632 65728 65920 66304 98336 133632 137216 197120 229376 274432 278529 286720 294913 397312 425984
1 7 13 56 3584 32777 32808 65632 65728 65920 66304 98336 133632 137216 197120 274432 278529 286720 294913 360448 397312 458752
1 7 13 56 3584 32777 32808 65632 65728 65920 98336 131840 133632 196864 229376 268288 274432 278529 286720 294913 395264 425984
1 7 13 56 3584 32777 32808 65632 65728 65920 98336 131840 133632 196864 268288 274432 278529 286720 294913 360448 395264 458752
1 7 13 56 14336 24577 32777 32808 65632 65728 65920 98336 131840 132608 134144 196864 229376 270337 272384 294913 395264 425984
1 7 13 56 14336 24577 32777 32808 65632 65728 65920 98336 131840 132608 134144 196864 270337 272384 294913 360448 395264 458752
1 7 13 56 14336 32777 32808 65632 65728 65920 98336 131840 132608 134144 196864 229376 272384 278529 286720 294913 395264 425984
1 7 13 56 14336 32777 32808 65632 65728 65920 98336 131840 132608 134144 196864 272384 278529 286720 294913 360448 395264 458752
1 7 13 56 24577 32777 32808 65632 65728 65920 98336 131840 132608 134144 196864 229376 268288 270337 274432 294913 395264 425984
1 7 13 56 24577 32777 32808 65632 65728 65920 98336 131840 132608 134144 196864 268288 270337 274432 294913 360448 395264 458752
1 7 13 56 24577 32777 40961 65576 65632 65728 98312 131456 131840 132608 196736 229376 265216 268288 274432 303104 394240 425984
1 7 13 56 24577 32777 40961 65576 65632 65728 98312 134144 137216 143360 172032 229376 262528 262912 263680 327808 394240 458752
1 7 13 56 32777 32808 65632 65728 65920 66304 98336 132608 134144 137216 197120 229376 274432 278529 286720 294913 397312 425984
1 7 13 56 32777 32808 65632 65728 65920 66304 98336 132608 134144 137216 197120 274432 278529 286720 294913 360448 397312 458752
1 7 13 56 32777 32808 65632 65728 65920 98336 131840 132608 134144 196864 229376 268288 274432 278529 286720 294913 395264 425984
1 7 13 56 32777 32808 65632 65728 65920 98336 131840 132608 134144 196864 268288 274432 278529 286720 294913 360448 395264 458752
1 7 13 56 32777 49153 57344 65576 65632 65728 98312 131456 131840 132608 196736 229376 265216 268288 274432 303104 394240 425984
1 7 13 56 32777 49153 57344 65576 65632 65728 98312 134144 137216 143360 172032 229376 262528 262912 263680 327808 394240 458752
1 7 13 224 896 32777 32792 32816 65696 66176 98336 132608 134144 137216 197120 229376 274432 278529 286720 294913 397312 425984
1 7 13 224 896 32777 32792 32816 65696 66176 98336 143360 147457 155648 163841 229376 263680 265216 268288 328192 397312 458752
1 7 13 224 3584 32777 32792 32816 65696 65920 66304 98336 133632 137216 197120 229376 274432 278529 286720 294913 397312 425984
1 7 13 224 3584 32777 32792 32816 65696 65920 66304 98336 143360 147457 155648 163841 229376 264704 268288 328192 397312 458752
1 7 13 224 3584 32777 32792 32816 65696 65920 98336 131840 133632 196864 229376 268288 274432 278529 286720 294913 395264 425984
1 7 13 224 3584 32777 32792 32816 65696 65920 98336 137216 143360 147457 155648 163841 229376 262912 264704 327936 395264 458752
1 7 13 224 3584 32777 32792 65584 65696 98320 131456 131840 133632 196736 229376 268288 274432 278529 286720 294913 395264 425984
1 7 13 224 3584 32777 32792 65584 65696 98320 131456 131840 133632 196736 268288 274432 278529 286720 294913 360448 395264 458752
1 7 13 224 3584 32777 49153 65560 65584 65696 98312 131456 131840 133632 196736 229376 268288 274432 286720 311296 395264 425984
1 7 13 224 3584 32777 49153 65560 65584 65696 98312 137216 143360 155648 180224 229376 262528 262912 264704 327808 395264 458752
1 7 13 224 3584 32777 65560 65584 65696 98312 131456 131840 133632 196736 229376 268288 274432 278529 286720 294913 395264 425984
1 7 13 224 3584 32777 65560 65584 65696 98312 137216 143360 147457 155648 163841 229376 262528 262912 264704 327808 395264 458752
1 7 13 224 14336 24577 32777 40961 65560 65584 65696 98312 131456 131840 132608 196736 229376 265216 272384 303104 394240 425984
1 7 13 224 14336 24577 32777 40961 65560 65584 65696 98312 134144 141312 172032 229376 262528 262912 263680 327808 394240 458752
1 7 13 224 14336 32777 32792 32816 65696 65920 98336 131840 132608 134144 196864 229376 272384 278529 286720 294913 395264 425984
1 7 13 224 14336 32777 32792 32816 65696 65920 98336 141312 147457 155648 163841 229376 262912 263680 265216 327936 395264 458752
1 7 13 224 14336 32777 32792 65584 65696 98320 131456 131840 132608 134144 196736 229376 272384 278529 286720 294913 395264 425984
1 7 13 224 14336 32777 32792 65584 65696 98320 131456 131840 132608 134144 196736 272384 278529 286720 294913 360448 395264 458752
1 7 13 224 14336 32777 49153 57344 65560 65584 65696 98312 131456 131840 132608 196736 229376 265216 272384 303104 394240 425984
1 7 13 224 14336 32777 49153 57344 65560 65584 65696 98312 134144 141312 172032 229376 262528 262912 263680 327808 394240 458752
1 7 13 224 14336 32777 49153 65560 65584 65696 98312 131456 131840 132608 134144 196736 229376 272384 286720 311296 395264 425984
1 7 13 224 14336 32777 49153 65560 65584 65696 98312 141312 155648 180224 229376 262528 262912 263680 265216 327808 395264 458752
1 7 13 224 14336 32777 65560 65584 65696 98312 131456 131840 132608 134144 196736 229376 272384 278529 286720 294913 395264 425984
1 7 13 224 14336 32777 65560 65584 65696 98312 141312 147457 155648 163841 229376 262528 262912 263680 265216 327808 395264 458752
1 7 13 224 24577 32777 40961 65560 65584 65696 98312 131456 131840 132608 196736 229376 265216 268288 274432 303104 394240 425984
1 7 13 224 24577 32777 40961 65560 65584 65696 98312 134144 137216 143360 172032 229376 262528 262912 263680 327808 394240 458752
1 7 13 224 32777 32792 32816 65696 65920 66304 98336 132608 134144 137216 197120 229376 274432 278529 286720 294913 397312 425984
1 7 13 224 32777 32792 32816 65696 65920 66304 98336 143360 147457 155648 163841 229376 263680 265216 268288 328192 397312 458752
1 7 13 224 32777 32792 32816 65696 65920 98336 131840 132608 134144 196864 229376 268288 274432 278529 286720 294913 395264 425984
1 7 13 224 32777 32792 32816 65696 65920 98336 137216 143360 147457 155648 163841 229376 262912 263680 265216 327936 395264 458752
1 7 13 224 32777 32792 65584 65696 98320 131456 131840 132608 134144 196736 229376 268288 274432 278529 286720 294913 395264 425984
1 7 13 224 32777 32792 65584 65696 98320 131456 131840 132608 134144 196736 268288 274432 278529 286720 294913 360448 395264 458752
1 7 13 224 32777 49153 57344 65560 65584 65696 98312 131456 131840 132608 196736 229376 265216 268288 274432 303104 394240 425984
1 7 13 224 32777 49153 57344 65560 65584 65696 98312 134144 137216 143360 172032 229376 262528 262912 263680 327808 394240 458752
1 7 13 224 32777 49153 65560 65584 65696 98312 131456 131840 132608 134144 196736 229376 268288 274432 286720 311296 395264 425984
1 7 13 224 32777 49153 65560 65584 65696 98312 137216 143360 155648 180224 229376 262528 262912 263680 265216 327808 395264 458752
1 7 13 224 32777 65560 65584 65696 98312 131456 131840 132608 134144 196736 229376 268288 274432 278529 286720 294913 395264 425984
1 7 13 224 32777 65560 65584 65696 98312 137216 143360 147457 155648 163841 229376 262528 262912 263680 265216 327808 395264 458752
1 7 13 896 3584 32777 32792 65584 65632 65728 98320 131712 133632 196736 229376 268288 274432 278529 286720 294913 395264 425984
1 7 13 896 3584 32777 32792 65584 65632 65728 98320 131712 133632 196736 268288 274432 278529 286720 294913 360448 395264 458752
1 7 13 896 3584 32777 49153 65560 65584 65632 65728 98312 131712 133632 196736 229376 268288 274432 286720 311296 395264 425984
1 7 13 896 3584 32777 49153 65560 65584 65632 65728 98312 137216 143360 155648 180224 229376 262784 264704 327808 395264 458752
1 7 13 896 3584 32777 65560 65584 65632 65728 98312 131712 133632 196736 229376 268288 274432 278529 286720 294913 395264 425984
1 7 13 896 3584 32777 65560 65584 65632 65728 98312 137216 143360 147457 155648 163841 229376 262784 264704 327808 395264 458752
1 7 13 896 14336 24577 32777 40961 65560 65584 65632 65728 98312 131712 132608 196736 229376 265216 272384 303104 394240 425984
1 7 13 896 14336 24577 32777 40961 65560 65584 65632 65728 98312 134144 141312 172032 229376 262784 263680 327808 394240 458752
1 7 13 896 14336 24577 32777 40961 65560 65584 65632 98312 131264 131712 196672 229376 263680 265216 272384 303104 393728 425984
1 7 13 896 14336 24577 32777 40961 65560 65584 65632 98312 132608 134144 141312 172032 229376 262336 262784 327744 393728 458752
1 7 13 896 14336 32777 32792 65584 65632 65728 98320 131712 132608 134144 196736 229376 272384 278529 286720 294913 395264 425984
1 7 13 896 14336 32777 32792 65584 65632 65728 98320 131712 132608 134144 196736 272384 278529 286720 294913 360448 395264 458752
1 7 13 896 14336 32777 49153 57344 65560 65584 65632 65728 98312 131712 132608 196736 229376 265216 272384 303104 394240 425984
1 7 13 896 14336 32777 49153 57344 65560 65584 65632 65728 98312 134144 141312 172032 229376 262784 263680 327808 394240 458752
1 7 13 896 14336 32777 49153 57344 65560 65584 65632 98312 131264 131712 196672 229376 263680 265216 272384 303104 393728 425984
1 7 13 896 14336 32777 49153 57344 65560 65584 65632 98312 132608 134144 141312 172032 229376 262336 262784 327744 393728 458752
1 7 13 896 14336 32777 49153 65560 65584 65632 65728 98312 131712 132608 134144 196736 229376 272384 286720 311296 395264 425984
1 7 13 896 14336 32777 49153 65560 65584 65632 65728 98312 141312 155648 180224 229376 262784 263680 265216 327808 395264 458752
1 7 13 896 14336 32777 65560 65584 65632 65728 98312 131712 132608 134144 196736 229376 272384 278529 286720 294913 395264 425984
1 7 13 896 14336 32777 65560 65584 65632 65728 98312 141312 147457 155648 163841 229376 262784 263680 265216 327808 395264 458752
1 7 13 896 24577 32777 40961 65560 65584 65632 65728 98312 131712 132608 196736 229376 265216 268288 274432 303104 394240 425984
1 7 13 896 24577 32777 40961 65560 65584 65632 65728 98312 134144 137216 143360 172032 229376 262784 263680 327808 394240 458752
1 7 13 896 24577 32777 40961 65560 65584 65632 98312 131264 131712 196672 229376 263680 265216 268288 274432 303104 393728 425984
1 7 13 896 24577 32777 40961 65560 65584 65632 98312 132608 134144 137216 143360 172032 229376 262336 262784 327744 393728 458752
1 7 13 896 32777 32792 32816 65632 65728 66176 98336 132608 134144 137216 197120 229376 274432 278529 286720 294913 397312 425984
1 7 13 896 32777 32792 32816 65632 65728 66176 98336 143360 147457 155648 163841 229376 263680 265216 268288 328192 397312 458752
1 7 13 896 32777 32792 65584 65632 65728 98320 131712 132608 134144 196736 229376 268288 274432 278529 286720 294913 395264 425984
1 7 13 896 32777 32792 65584 65632 65728 98320 131712 132608 134144 196736 268288 274432 278529 286720 294913 360448 395264 458752
1 7 13 896 32777 49153 57344 65560 65584 65632 65728 98312 131712 132608 196736 229376 265216 268288 274432 303104 394240 425984
1 7 13 896 32777 49153 57344 65560 65584 65632 65728 98312 134144 137216 143360 172032 229376 262784 263680 327808 394240 458752
1 7 13 896 32777 49153 57344 65560 65584 65632 98312 131264 131712 196672 229376 263680 265216 268288 274432 303104 393728 425984
1 7 13 896 32777 49153 57344 65560 65584 65632 98312 132608 134144 137216 143360 172032 229376 262336 262784 327744 393728 458752
1 7 13 896 32777 49153 65560 65584 65632 65728 98312 131712 132608 134144 196736 229376 268288 274432 286720 311296 395264 425984
1 7 13 896 32777 49153 65560 65584 65632 65728 98312 137216 143360 155648 180224 229376 262784 263680 265216 327808 395264 458752
1 7 13 896 32777 65560 65584 65632 65728 98312 131712 132608 134144 196736 229376 268288 274432 278529 286720 294913 395264 425984
1 7 13 896 32777 65560 65584 65632 65728 98312 137216 143360 147457 155648 163841 229376 262784 263680 265216 327808 395264 458752
1 7 13 1792 32777 32792 65584 65632 65728 98320 131456 132352 134144 196736 229376 268288 274432 278529 286720 294913 395264 425984
1 7 13 1792 32777 32792 65584 65632 65728 98320 131456 132352 134144 196736 268288 274432 278529 286720 294913 360448 395264 458752
1 7 13 1792 32777 49153 65560 65584 65632 65728 98312 131456 132352 134144 196736 229376 268288 274432 286720 311296 395264 425984
1 7 13 1792 32777 49153 65560 65584 65632 65728 98312 137216 143360 155648 180224 229376 262528 263424 265216 327808 395264 458752
1 7 13 3584 14336 24577 32777 40961 65560 65584 65632 98312 131264 131456 131840 196672 229376 264704 272384 303104 393728 425984
1 7 13 3584 14336 24577 32777 40961 65560 65584 65632 98312 133632 141312 172032 229376 262336 262528 262912 327744 393728 458752
1 7 13 3584 14336 32777 49153 57344 65560 65584 65632 98312 131264 131456 131840 196672 229376 264704 272384 303104 393728 425984
1 7 13 3584 14336 32777 49153 57344 65560 65584 65632 98312 133632 141312 172032 229376 262336 262528 262912 327744 393728 458752
1 7 13 3584 24577 32777 40961 65560 65584 65632 98312 131264 131456 131840 196672 229376 264704 268288 274432 303104 393728 425984
1 7 13 3584 24577 32777 40961 65560 65584 65632 98312 133632 137216 143360 172032 229376 262336 262528 262912 327744 393728 458752
1 7 13 3584 32777 32792 32816 65632 65728 65920 66304 98336 133632 137216 197120 229376 274432 278529 286720 294913 397312 425984
1 7 13 3584 32777 32792 32816 65632 65728 65920 66304 98336 143360 147457 155648 163841 229376 264704 268288 328192 397312 458752
1 7 13 3584 32777 32792 32816 65632 65728 65920 98336 131840 133632 196864 229376 268288 274432 278529 286720 294913 395264 425984
1 7 13 3584 32777 32792 32816 65632 65728 65920 98336 137216 143360 147457 155648 163841 229376 262912 264704 327936 395264 458752
1 7 13 3584 32777 32792 65584 65632 65728 98320 131456 131840 133632 196736 229376 268288 274432 278529 286720 294913 395264 425984
1 7 13 3584 32777 32792 65584 65632 65728 98320 131456 131840 133632 196736 268288 274432 278529 286720 294913 360448 395264 458752
1 7 13 3584 32777 49153 57344 65560 65584 65632 98312 131264 131456 131840 196672 229376 264704 268288 274432 303104 393728 425984
1 7 13 3584 32777 49153 57344 65560 65584 65632 98312 133632 137216 143360 172032 229376 262336 262528 262912 327744 393728 458752
1 7 13 3584 32777 49153 65560 65584 65632 65728 98312 131456 131840 133632 196736 229376 268288 274432 286720 311296 395264 425984
1 7 13 3584 32777 49153 65560 65584 65632 65728 98312 137216 143360 155648 180224 229376 262528 262912 264704 327808 395264 458752
1 7 13 3584 32777 65560 65584 65632 65728 98312 131456 131840 133632 196736 229376 268288 274432 278529 286720 294913 395264 425984
1 7 13 3584 32777 65560 65584 65632 65728 98312 137216 143360 147457 155648 163841 229376 262528 262912 264704 327808 395264 458752
1 7 13 14336 24577 32777 32792 32816 65632 65728 65920 98336 131840 132608 134144 196864 229376 270337 272384 294913 395264 425984
1 7 13 14336 24577 32777 32792 32816 65632 65728 65920 98336 139265 141312 163841 229376 262912 263680 265216 327936 395264 458752
1 7 13 14336 24577 32777 40961 65560 65584 65632 65728 98312 131456 131840 132608 196736 229376 265216 272384 303104 394240 425984
1 7 13 14336 24577 32777 40961 65560 65584 65632 65728 98312 134144 141312 172032 229376 262528 262912 263680 327808 394240 458752
1 7 13 14336 24577 32777 40961 65560 65584 65632 98312 131264 131456 131840 196672 229376 263680 265216 272384 303104 393728 425984
1 7 13 14336 24577 32777 40961 65560 65584 65632 98312 132608 134144 141312 172032 229376 262336 262528 262912 327744 393728 458752
1 7 13 14336 32777 32792 32816 65632 65728 65920 98336 131840 132608 134144 196864 229376 272384 278529 286720 294913 395264 425984
1 7 13 14336 32777 32792 32816 65632 65728 65920 98336 141312 147457 155648 163841 229376 262912 263680 265216 327936 395264 458752
1 7 13 14336 32777 32792 65584 65632 65728 98320 131456 131840 132608 134144 196736 229376 272384 278529 286720 294913 395264 425984
1 7 13 14336 32777 32792 65584 65632 65728 98320 131456 131840 132608 134144 196736 272384 278529 286720 294913 360448 395264 458752
1 7 13 14336 32777 49153 57344 65560 65584 65632 65728 98312 131456 131840 132608 196736 229376 265216 272384 303104 394240 425984
1 7 13 14336 32777 49153 57344 65560 65584 65632 65728 98312 134144 141312 172032 229376 262528 262912 263680 327808 394240 458752
1 7 13 14336 32777 49153 57344 65560 65584 65632 98312 131264 131456 131840 196672 229376 263680 265216 272384 303104 393728 425984
1 7 13 14336 32777 49153 57344 65560 65584 65632 98312 132608 134144 141312 172032 229376 262336 262528 262912 327744 393728 458752
1 7 13 14336 32777 49153 65560 65584 65632 65728 98312 131456 131840 132608 134144 196736 229376 272384 286720 311296 395264 425984
1 7 13 14336 32777 49153 65560 65584 65632 65728 98312 141312 155648 180224 229376 262528 262912 263680 265216 327808 395264 458752
1 7 13 14336 32777 65560 65584 65632 65728 98312 131456 131840 132608 134144 196736 229376 272384 278529 286720 294913 395264 425984
1 7 13 14336 32777 65560 65584 65632 65728 98312 141312 147457 155648 163841 229376 262528 262912 263680 265216 327808 395264 458752
1 7 13 24577 32777 32792 32816 65632 65728 65920 98336 131840 132608 134144 196864 229376 268288 270337 274432 294913 395264 425984
1 7 13 24577 32777 32792 32816 65632 65728 65920 98336 137216 139265 143360 163841 229376 262912 263680 265216 327936 395264 458752
1 7 13 24577 32777 40961 65560 65584 65632 65728 98312 131456 131840 132608 196736 229376 265216 268288 274432 303104 394240 425984
1 7 13 24577 32777 40961 65560 65584 65632 65728 98312 134144 137216 143360 172032 229376 262528 262912 263680 327808 394240 458752
1 7 13 24577 32777 40961 65560 65584 65632 98312 131264 131456 131840 196672 229376 263680 265216 268288 274432 303104 393728 425984
1 7 13 24577 32777 40961 65560 65584 65632 98312 132608 134144 137216 143360 172032 229376 262336 262528 262912 327744 393728 458752
1 7 13 32777 32792 32816 65632 65728 65920 66304 98336 132608 134144 137216 197120 229376 274432 278529 286720 294913 397312 425984
1 7 13 32777 32792 32816 65632 65728 65920 66304 98336 143360 147457 155648 163841 229376 263680 265216 268288 328192 397312 458752
1 7 13 32777 32792 32816 65632 65728 65920 98336 131840 132608 134144 196864 229376 268288 274432 278529 286720 294913 395264 425984
1 7 13 32777 32792 32816 65632 65728 65920 98336 137216 143360 147457 155648 163841 229376 262912 263680 265216 327936 395264 458752
1 7 13 32777 32792 65584 65632 65728 98320 131456 131840 132608 134144 196736 229376 268288 274432 278529 286720 294913 395264 425984
1 7 13 32777 32792 65584 65632 65728 98320 131456 131840 132608 134144 196736 268288 274432 278529 286720 294913 360448 395264 458752
1 7 13 32777 49153 57344 65560 65584 65632 65728 98312 131456 131840 132608 196736 229376 265216 268288 274432 303104 394240 425984
1 7 13 32777 49153 57344 65560 65584 65632 65728 98312 134144 137216 143360 172032 229376 262528 262912 263680 327808 394240 458752
1 7 13 32777 49153 57344 65560 65584 65632 98312 131264 131456 131840 196672 229376 263680 265216 268288 274432 303104 393728 425984
1 7 13 32777 49153 57344 65560 65584 65632 98312 132608 134144 137216 143360 172032 229376 262336 262528 262912 327744 393728 458752
1 7 13 32777 49153 65560 65584 65632 65728 98312 131456 131840 132608 134144 196736 229376 268288 274432 286720 311296 395264 425984
1 7 13 32777 49153 65560 65584 65632 65728 98312 137216 143360 155648 180224 229376 262528 262912 263680 265216 327808 395264 458752
1 7 13 32777 65560 65584 65632 65728 98312 131456 131840 132608 134144 196736 229376 268288 274432 278529 286720 294913 395264 425984
1 7 13 32777 65560 65584 65632 65728 98312 137216 143360 147457 155648 163841 229376 262528 262912 263680 265216 327808 395264 458752
2 7 28 112 448 1792 7168 32773 32788 77824 81921 90112 98305 131152 131392 163856 229376 263424 267264 331776 393472 458752
2 7 28 112 448 1792 7168 32773 32788 77824 81921 90112 98305 132352 136192 200704 229376 262224 262464 294928 393472 425984
1 7 28 112 448 1792 32773 32788 77824 81921 90112 98305 131152 131392 163856 229376 263424 265216 268288 331776 393472 458752
1 7 28 112 448 1792 32773 32788 77824 81921 90112 98305 132352 134144 137216 200704 229376 262224 262464 294928 393472 425984
1 7 28 112 448 3584 32773 32788 71680 77824 81921 90112 98305 131152 131392 163856 229376 262912 264704 329728 393472 458752
1 7 28 112 448 3584 32773 32788 71680 77824 81921 90112 98305 131840 133632 198656 229376 262224 262464 294928 393472 425984
1 7 28 112 448 3584 32773 32788 77824 81921 90112 98305 131152 131392 131840 163856 229376 264704 268288 331776 393728 458752
1 7 28 112 448 3584 32773 32788 77824 81921 90112 98305 131152 131392 163856 229376 262912 264704 268288 331776 393472 458752
1 7 28 112 448 3584 32773 32788 77824 81921 90112 98305 131840 133632 137216 200704 229376 262224 262464 294928 393472 425984
1 7 28 112 448 3584 32773 32788 77824 81921 90112 98305 133632 137216 200704 229376 262224 262464 262912 294928 393728 425984
1 7 28 112 448 7168 32773 32788 77824 81921 90112 98305 131152 131392 163856 229376 262912 263680 267264 331776 393472 458752
1 7 28 112 448 7168 32773 32788 77824 81921 90112 98305 131840 132608 136192 200704 229376 262224 262464 294928 393472 425984
1 7 28 112 448 32773 32788 49153 71680 77824 90112 114688 131840 132608 134144 198656 229376 262224 262464 294928 393472 425984
1 7 28 112 448 32773 32788 49153 71680 77824 90112 114688 131840 132608 134144 198656 262224 262464 294928 360448 393472 458752
1 7 28 112 448 32773 32788 71680 77824 81921 90112 98305 131152 131392 163856 229376 262912 263680 265216 329728 393472 458752
1 7 28 112 448 32773 32788 71680 77824 81921 90112 98305 131840 132608 134144 198656 229376 262224 262464 294928 393472 425984
2 7 28 112 448 32773 49153 57344 68608 71680 77824 106496 131092 131152 163844 229376 262464 262912 263680 328704 393280 458752
2 7 28 112 448 32773 49153 57344 68608 71680 77824 106496 131392 131840 132608 197632 229376 262164 262224 294916 393280 425984
1 7 28 112 896 3584 32773 32788 77824 81921 90112 98305 131152 131264 131712 163856 229376 264704 268288 331776 393728 458752
1 7 28 112 896 3584 32773 32788 77824 81921 90112 98305 133632 137216 200704 229376 262224 262336 262784 294928 393728 425984
1 7 28 112 896 3584 32773 49153 71680 77824 90112 114688 131712 133632 198656 229376 262164 262224 262336 294916 393344 425984
1 7 28 112 896 3584 32773 49153 71680 77824 90112 114688 131712 133632 198656 262164 262224 262336 294916 360448 393344 458752
1 7 28 112 896 14336 32773 49153 57344 67072 68608 75776 106496 131092 131152 163844 229376 262336 262784 328192 393280 458752
1 7 28 112 896 14336 32773 49153 57344 67072 68608 75776 106496 131264 131712 197120 229376 262164 262224 294916 393280 425984
1 7 28 112 896 14336 32773 49153 57344 68608 75776 106496 131092 131152 131264 163844 229376 262784 263680 328704 393344 458752
1 7 28 112 896 14336 32773 49153 57344 68608 75776 106496 131712 132608 197632 229376 262164 262224 262336 294916 393344 425984
1 7 28 112 896 14336 32773 49153 75776 90112 114688 131712 132608 134144 198656 229376 262164 262224 262336 294916 393344 425984
1 7 28 112 896 14336 32773 49153 75776 90112 114688 131712 132608 134144 198656 262164 262224 262336 294916 360448 393344 458752
1 7 28 112 896 32773 32788 77824 81921 90112 98305 131152 131264 131712 163856 229376 263680 265216 268288 331776 393728 458752
1 7 28 112 896 32773 32788 77824 81921 90112 98305 132608 134144 137216 200704 229376 262224 262336 262784 294928 393728 425984
1 7 28 112 896 32773 49153 57344 67072 68608 71680 77824 106496 131092 131152 163844 229376 262336 262784 328192 393280 458752
1 7 28 112 896 32773 49153 57344 67072 68608 71680 77824 106496 131264 131712 197120 229376 262164 262224 294916 393280 425984
1 7 28 112 896 32773 49153 57344 68608 71680 77824 106496 131092 131152 131264 163844 229376 262784 263680 328704 393344 458752
1 7 28 112 896 32773 49153 57344 68608 71680 77824 106496 131092 131152 163844 229376 262336 262784 263680 328704 393280 458752
1 7 28 112 896 32773 49153 57344 68608 71680 77824 106496 131264 131712 132608 197632 229376 262164 262224 294916 393280 425984
1 7 28 112 896 32773 49153 57344 68608 71680 77824 106496 131712 132608 197632 229376 262164 262224 262336 294916 393344 425984
1 7 28 112 896 32773 49153 71680 77824 90112 114688 131712 132608 134144 198656 229376 262164 262224 262336 294916 393344 425984
1 7 28 112 896 32773 49153 71680 77824 90112 114688 131712 132608 134144 198656 262164 262224 262336 294916 360448 393344 458752
1 7 28 112 1792 7168 32773 32788 77824 81921 90112 98305 131152 131264 131456 163856 229376 263424 267264 331776 393472 458752
1 7 28 112 1792 7168 32773 32788 77824 81921 90112 98305 132352 136192 200704 229376 262224 262336 262528 294928 393472 425984
1 7 28 112 1792 7168 32773 49153 70656 77824 90112 114688 131264 131456 132352 197632 229376 262164 262224 294916 393280 425984
1 7 28 112 1792 7168 32773 49153 70656 77824 90112 114688 131264 131456 132352 197632 262164 262224 294916 360448 393280 458752
1 7 28 112 1792 32773 32788 49153 68608 71680 77824 90112 114688 131456 132352 197632 229376 262224 262336 294928 393344 425984
1 7 28 112 1792 32773 32788 49153 68608 71680 77824 90112 114688 131456 132352 197632 262224 262336 294928 360448 393344 458752
1 7 28 112 1792 32773 32788 49153 71680 77824 90112 114688 132352 134144 198656 229376 262224 262336 262528 294928 393472 425984
1 7 28 112 1792 32773 32788 49153 71680 77824 90112 114688 132352 134144 198656 262224 262336 262528 294928 360448 393472 458752
1 7 28 112 1792 32773 32788 77824 81921 90112 98305 131152 131264 131456 163856 229376 263424 265216 268288 331776 393472 458752
1 7 28 112 1792 32773 32788 77824 81921 90112 98305 132352 134144 137216 200704 229376 262224 262336 262528 294928 393472 425984
1 7 28 112 1792 32773 49153 57344 68608 71680 77824 106496 131092 131152 163844 229376 262336 262528 263424 328704 393280 458752
1 7 28 112 1792 32773 49153 57344 68608 71680 77824 106496 131264 131456 132352 197632 229376 262164 262224 294916 393280 425984
1 7 28 112 1792 32773 49153 68608 71680 77824 90112 114688 131264 131456 132352 197632 229376 262164 262224 294916 393280 425984
1 7 28 112 1792 32773 49153 68608 71680 77824 90112 114688 131264 131456 132352 197632 262164 262224 294916 360448 393280 458752
1 7 28 112 3584 32773 32788 71680 77824 81921 90112 98305 131152 131264 131456 163856 229376 262912 264704 329728 393472 458752
1 7 28 112 3584 32773 32788 71680 77824 81921 90112 98305 131152 131264 163856 229376 262528 262912 264704 329728 393344 458752
1 7 28 112 3584 32773 32788 71680 77824 81921 90112 98305 131456 131840 133632 198656 229376 262224 262336 294928 393344 425984
1 7 28 112 3584 32773 32788 71680 77824 81921 90112 98305 131840 133632 198656 229376 262224 262336 262528 294928 393472 425984
1 7 28 112 3584 32773 32788 77824 81921 90112 98305 131152 131264 131456 131840 163856 229376 264704 268288 331776 393728 458752
1 7 28 112 3584 32773 32788 77824 81921 90112 98305 131152 131264 131456 163856 229376 262912 264704 268288 331776 393472 458752
1 7 28 112 3584 32773 32788 77824 81921 90112 98305 131840 133632 137216 200704 229376 262224 262336 262528 294928 393472 425984
1 7 28 112 3584 32773 32788 77824 81921 90112 98305 133632 137216 200704 229376 262224 262336 262528 262912 294928 393728 425984
1 7 28 112 3584 32773 49153 57344 68096 71680 77824 106496 131092 131152 163844 229376 262336 262528 262912 328192 393280 458752
1 7 28 112 3584 32773 49153 57344 68096 71680 77824 106496 131264 131456 131840 197120 229376 262164 262224 294916 393280 425984
1 7 28 112 3584 32773 49153 71680 77824 90112 114688 131456 131840 133632 198656 229376 262164 262224 262336 294916 393344 425984
1 7 28 112 3584 32773 49153 71680 77824 90112 114688 131456 131840 133632 198656 262164 262224 262336 294916 360448 393344 458752
1 7 28 112 32773 32788 49153 68608 71680 77824 90112 114688 131456 131840 132608 197632 229376 262224 262336 294928 393344 425984
1 7 28 112 32773 32788 49153 68608 71680 77824 90112 114688 131456 131840 132608 197632 262224 262336 294928 360448 393344 458752
1 7 28 112 32773 32788 49153 71680 77824 90112 114688 131840 132608 134144 198656 229376 262224 262336 262528 294928 393472 425984
1 7 28 112 32773 32788 49153 71680 77824 90112 114688 131840 132608 134144 198656 262224 262336 262528 294928 360448 393472 458752
1 7 28 112 32773 32788 71680 77824 81921 90112 98305 131152 131264 131456 163856 229376 262912 263680 265216 329728 393472 458752
1 7 28 112 32773 32788 71680 77824 81921 90112 98305 131152 131264 163856 229376 262528 262912 263680 265216 329728 393344 458752
1 7 28 112 32773 32788 71680 77824 81921 90112 98305 131456 131840 132608 134144 198656 229376 262224 262336 294928 393344 425984
1 7 28 112 32773 32788 71680 77824 81921 90112 98305 131840 132608 134144 198656 229376 262224 262336 262528 294928 393472 425984
1 7 28 112 32773 32788 77824 81921 90112 98305 131152 131264 131456 131840 163856 229376 263680 265216 268288 331776 393728 458752
1 7 28 112 32773 32788 77824 81921 90112 98305 131152 131264 131456 163856 229376 262912 263680 265216 268288 331776 393472 458752
1 7 28 112 32773 32788 77824 81921 90112 98305 131840 132608 134144 137216 200704 229376 262224 262336 262528 294928 393472 425984
1 7 28 112 32773 32788 77824 81921 90112 98305 132608 134144 137216 200704 229376 262224 262336 262528 262912 294928 393728 425984
1 7 28 224 896 32773 32788 32816 77824 81921 90112 98305 131232 131712 163872 229376 263680 265216 268288 331776 393728 458752
1 7 28 224 896 32773 32788 32816 77824 81921 90112 98305 132608 134144 137216 200704 229376 262304 262784 294944 393728 425984
1 7 28 224 896 32773 49153 57344 68608 71680 77824 106496 131092 131120 131232 163844 229376 262784 263680 328704 393344 458752
1 7 28 224 896 32773 49153 57344 68608 71680 77824 106496 131712 132608 197632 229376 262164 262192 262304 294916 393344 425984
2 7 28 224 896 32773 49153 57344 71680 77824 106496 131092 131120 131232 163844 229376 262784 263680 265216 329728 393344 458752
2 7 28 224 896 32773 49153 57344 71680 77824 106496 131712 132608 134144 198656 229376 262164 262192 262304 294916 393344 425984
1 7 28 224 3584 32773 32788 32816 71680 77824 81921 90112 98305 131232 131456 163872 229376 262912 264704 329728 393472 458752
1 7 28 224 3584 32773 32788 32816 71680 77824 81921 90112 98305 131840 133632 198656 229376 262304 262528 294944 393472 425984
1 7 28 224 3584 32773 32788 32816 77824 81921 90112 98305 131232 131456 131840 163872 229376 264704 268288 331776 393728 458752
1 7 28 224 3584 32773 32788 32816 77824 81921 90112 98305 133632 137216 200704 229376 262304 262528 262912 294944 393728 425984
1 7 28 224 3584 32773 32788 71680 77824 81921 90112 98305 131120 131232 131456 163856 229376 262912 264704 329728 393472 458752
1 7 28 224 3584 32773 32788 71680 77824 81921 90112 98305 131120 131232 163856 229376 262528 262912 264704 329728 393344 458752
1 7 28 224 3584 32773 32788 71680 77824 81921 90112 98305 131456 131840 133632 198656 229376 262192 262304 294928 393344 425984
1 7 28 224 3584 32773 32788 71680 77824 81921 90112 98305 131840 133632 198656 229376 262192 262304 262528 294928 393472 425984
1 7 28 224 3584 32773 32788 77824 81921 90112 98305 131120 131232 131456 131840 163856 229376 264704 268288 331776 393728 458752
1 7 28 224 3584 32773 32788 77824 81921 90112 98305 133632 137216 200704 229376 262192 262304 262528 262912 294928 393728 425984
1 7 28 224 3584 32773 49153 71680 77824 90112 114688 131456 131840 133632 198656 229376 262164 262192 262304 294916 393344 425984
1 7 28 224 3584 32773 49153 71680 77824 90112 114688 131456 131840 133632 198656 262164 262192 262304 294916 360448 393344 458752
1 7 28 224 14336 32773 32788 32816 75776 81921 90112 98305 131232 131456 163872 229376 262912 263680 265216 329728 393472 458752
1 7 28 224 14336 32773 32788 32816 75776 81921 90112 98305 131840 132608 134144 198656 229376 262304 262528 294944 393472 425984
1 7 28 224 14336 32773 32788 75776 81921 90112 98305 131120 131232 131456 163856 229376 262912 263680 265216 329728 393472 458752
1 7 28 224 14336 32773 32788 75776 81921 90112 98305 131120 131232 163856 229376 262528 262912 263680 265216 329728 393344 458752
1 7 28 224 14336 32773 32788 75776 81921 90112 98305 131456 131840 132608 134144 198656 229376 262192 262304 294928 393344 425984
1 7 28 224 14336 32773 32788 75776 81921 90112 98305 131840 132608 134144 198656 229376 262192 262304 262528 294928 393472 425984
1 7 28 224 14336 32773 49153 57344 68608 75776 106496 131092 131120 131232 163844 229376 262528 262912 263680 328704 393344 458752
1 7 28 224 14336 32773 49153 57344 68608 75776 106496 131456 131840 132608 197632 229376 262164 262192 262304 294916 393344 425984
1 7 28 224 14336 32773 49153 57344 75776 106496 131092 131120 131232 163844 229376 262528 262912 263680 265216 329728 393344 458752
1 7 28 224 14336 32773 49153 57344 75776 106496 131456 131840 132608 134144 198656 229376 262164 262192 262304 294916 393344 425984
1 7 28 224 14336 32773 49153 75776 90112 114688 131456 131840 132608 134144 198656 229376 262164 262192 262304 294916 393344 425984
1 7 28 224 14336 32773 49153 75776 90112 114688 131456 131840 132608 134144 198656 262164 262192 262304 294916 360448 393344 458752
2 7 28 224 28672 32773 32788 71680 81921 86016 98305 131120 131232 131456 163856 229376 262912 263680 265216 329728 393472 458752
2 7 28 224 28672 32773 32788 71680 81921 86016 98305 131840 132608 134144 198656 229376 262192 262304 262528 294928 393472 425984
1 7 28 224 32773 32788 32816 71680 77824 81921 90112 98305 131232 131456 163872 229376 262912 263680 265216 329728 393472 458752
1 7 28 224 32773 32788 32816 71680 77824 81921 90112 98305 131840 132608 134144 198656 229376 262304 262528 294944 393472 425984
1 7 28 224 32773 32788 32816 77824 81921 90112 98305 131232 131456 131840 163872 229376 263680 265216 268288 331776 393728 458752
1 7 28 224 32773 32788 32816 77824 81921 90112 98305 132608 134144 137216 200704 229376 262304 262528 262912 294944 393728 425984
1 7 28 224 32773 32788 71680 77824 81921 90112 98305 131120 131232 131456 163856 229376 262912 263680 265216 329728 393472 458752
1 7 28 224 32773 32788 71680 77824 81921 90112 98305 131120 131232 163856 229376 262528 262912 263680 265216 329728 393344 458752
1 7 28 224 32773 32788 71680 77824 81921 90112 98305 131456 131840 132608 134144 198656 229376 262192 262304 294928 393344 425984
1 7 28 224 32773 32788 71680 77824 81921 90112 98305 131840 132608 134144 198656 229376 262192 262304 262528 294928 393472 425984
1 7 28 224 32773 32788 77824 81921 90112 98305 131120 131232 131456 131840 163856 229376 263680 265216 268288 331776 393728 458752
1 7 28 224 32773 32788 77824 81921 90112 98305 132608 134144 137216 200704 229376 262192 262304 262528 262912 294928 393728 425984
1 7 28 224 32773 49153 57344 68608 71680 77824 106496 131092 131120 131232 163844 229376 262528 262912 263680 328704 393344 458752
1 7 28 224 32773 49153 57344 68608 71680 77824 106496 131456 131840 132608 197632 229376 262164 262192 262304 294916 393344 425984
1 7 28 224 32773 49153 57344 71680 77824 106496 131092 131120 131232 163844 229376 262528 262912 263680 265216 329728 393344 458752
1 7 28 224 32773 49153 57344 71680 77824 106496 131456 131840 132608 134144 198656 229376 262164 262192 262304 294916 393344 425984
1 7 28 224 32773 49153 71680 77824 90112 114688 131456 131840 132608 134144 198656 229376 262164 262192 262304 294916 393344 425984
1 7 28 224 32773 49153 71680 77824 90112 114688 131456 131840 132608 134144 198656 262164 262192 262304 294916 360448 393344 458752
1 7 28 448 1792 32773 32788 77824 81921 90112 98305 131120 131168 131392 163856 229376 263424 265216 268288 331776 393472 458752
1 7 28 448 1792 32773 32788 77824 81921 90112 98305 132352 134144 137216 200704 229376 262192 262240 262464 294928 393472 425984
1 7 28 448 3584 32773 32788 71680 77824 81921 90112 98305 131120 131168 131392 163856 229376 262912 264704 329728 393472 458752
1 7 28 448 3584 32773 32788 71680 77824 81921 90112 98305 131840 133632 198656 229376 262192 262240 262464 294928 393472 425984
1 7 28 448 3584 32773 32788 77824 81921 90112 98305 131120 131168 131392 131840 163856 229376 264704 268288 331776 393728 458752
1 7 28 448 3584 32773 32788 77824 81921 90112 98305 131120 131168 131392 163856 229376 262912 264704 268288 331776 393472 458752
1 7 28 448 3584 32773 32788 77824 81921 90112 98305 131840 133632 137216 200704 229376 262192 262240 262464 294928 393472 425984
1 7 28 448 3584 32773 32788 77824 81921 90112 98305 133632 137216 200704 229376 262192 262240 262464 262912 294928 393728 425984
1 7 28 448 7168 32773 32788 77824 81921 90112 98305 131120 131168 131392 163856 229376 262912 263680 267264 331776 393472 458752
1 7 28 448 7168 32773 32788 77824 81921 90112 98305 131840 132608 136192 200704 229376 262192 262240 262464 294928 393472 425984
1 7 28 448 7168 32773 45056 49153 57344 66304 67072 70656 102400 131168 131392 196864 229376 262164 262192 294916 393248 425984
1 7 28 448 7168 32773 45056 49153 57344 66304 67072 70656 102400 131168 131392 196864 262164 262192 294916 360448 393248 458752
1 7 28 448 7168 32773 45056 49153 57344 66304 67072 70656 102400 131392 196864 229376 262164 262192 262240 294916 393280 425984
1 7 28 448 7168 32773 45056 49153 57344 66304 67072 70656 102400 131392 196864 262164 262192 262240 294916 360448 393280 458752
1 7 28 448 7168 32773 45056 49153 57344 67072 70656 102400 131392 131840 197120 229376 262164 262192 262240 294916 393280 425984
1 7 28 448 7168 32773 45056 49153 57344 67072 70656 102400 131392 131840 197120 262164 262192 262240 294916 360448 393280 458752
1 7 28 448 7168 32773 49153 57344 70656 77824 106496 131092 131120 131168 163844 229376 262464 262912 263680 328704 393280 458752
1 7 28 448 7168 32773 49153 57344 70656 77824 106496 131392 131840 132608 197632 229376 262164 262192 262240 294916 393280 425984
2 7 28 448 14336 32773 32788 75776 81921 90112 98305 131120 131168 131392 163856 229376 262912 263680 265216 329728 393472 458752
2 7 28 448 14336 32773 32788 75776 81921 90112 98305 131840 132608 134144 198656 229376 262192 262240 262464 294928 393472 425984
1 7 28 448 32773 32788 49153 71680 77824 90112 114688 131840 132608 134144 198656 229376 262192 262240 262464 294928 393472 425984
1 7 28 448 32773 32788 49153 71680 77824 90112 114688 131840 132608 134144 198656 262192 262240 262464 294928 360448 393472 458752
1 7 28 448 32773 32788 71680 77824 81921 90112 98305 131120 131168 131392 163856 229376 262912 263680 265216 329728 393472 458752
1 7 28 448 32773 32788 71680 77824 81921 90112 98305 131840 132608 134144 198656 229376 262192 262240 262464 294928 393472 425984
1 7 28 448 32773 32788 77824 81921 90112 98305 131120 131168 131392 131840 163856 229376 263680 265216 268288 331776 393728 458752
1 7 28 448 32773 32788 77824 81921 90112 98305 131120 131168 131392 163856 229376 262912 263680 265216 268288 331776 393472 458752
1 7 28 448 32773 32788 77824 81921 90112 98305 131840 132608 134144 137216 200704 229376 262192 262240 262464 294928 393472 425984
1 7 28 448 32773 32788 77824 81921 90112 98305 132608 134144 137216 200704 229376 262192 262240 262464 262912 294928 393728 425984
1 7 28 448 32773 45056 49153 57344 66304 67072 68608 71680 102400 131168 131392 196864 229376 262164 262192 294916 393248 425984
1 7 28 448 32773 45056 49153 57344 66304 67072 68608 71680 102400 131168 131392 196864 262164 262192 294916 360448 393248 458752
1 7 28 448 32773 45056 49153 57344 66304 67072 68608 71680 102400 131392 196864 229376 262164 262192 262240 294916 393280 425984
1 7 28 448 32773 45056 49153 57344 66304 67072 68608 71680 102400 131392 196864 262164 262192 262240 294916 360448 393280 458752
1 7 28 448 32773 45056 49153 57344 67072 68608 71680 102400 131392 131840 197120 229376 262164 262192 262240 294916 393280 425984
1 7 28 448 32773 45056 49153 57344 67072 68608 71680 102400 131392 131840 197120 262164 262192 262240 294916 360448 393280 458752
1 7 28 448 32773 49153 57344 68608 71680 77824 106496 131092 131120 131168 163844 229376 262464 262912 263680 328704 393280 458752
1 7 28 448 32773 49153 57344 68608 71680 77824 106496 131392 131840 132608 197632 229376 262164 262192 262240 294916 393280 425984
2 7 28 896 3584 32773 32788 71680 77824 81921 90112 98305 131120 131168 131264 163856 229376 262784 264704 329728 393344 458752
2 7 28 896 3584 32773 32788 71680 77824 81921 90112 98305 131712 133632 198656 229376 262192 262240 262336 294928 393344 425984
1 7 28 896 3584 32773 32788 77824 81921 90112 98305 131120 131168 131264 131712 163856 229376 264704 268288 331776 393728 458752
1 7 28 896 3584 32773 32788 77824 81921 90112 98305 133632 137216 200704 229376 262192 262240 262336 262784 294928 393728 425984
1 7 28 896 3584 32773 49153 57344 68096 71680 77824 106496 131092 131120 131168 163844 229376 262336 262784 328192 393280 458752
1 7 28 896 3584 32773 49153 57344 68096 71680 77824 106496 131092 131120 163844 229376 262240 262336 262784 328192 393248 458752
1 7 28 896 7168 32773 49153 57344 67072 70656 77824 106496 131092 131120 131168 163844 229376 262336 262784 328192 393280 458752
1 7 28 896 7168 32773 49153 57344 67072 70656 77824 106496 131264 131712 197120 229376 262164 262192 262240 294916 393280 425984
1 7 28 896 32773 32788 32816 77824 81921 90112 98305 131168 131264 131712 163872 229376 263680 265216 268288 331776 393728 458752
1 7 28 896 32773 32788 32816 77824 81921 90112 98305 132608 134144 137216 200704 229376 262240 262336 262784 294944 393728 425984
1 7 28 896 32773 32788 71680 77824 81921 90112 98305 131120 131168 131264 163856 229376 262784 263680 265216 329728 393344 458752
1 7 28 896 32773 32788 71680 77824 81921 90112 98305 131712 132608 134144 198656 229376 262192 262240 262336 294928 393344 425984
1 7 28 896 32773 32788 77824 81921 90112 98305 131120 131168 131264 131712 163856 229376 263680 265216 268288 331776 393728 458752
1 7 28 896 32773 32788 77824 81921 90112 98305 132608 134144 137216 200704 229376 262192 262240 262336 262784 294928 393728 425984
1 7 28 896 32773 49153 57344 67072 68608 71680 77824 106496 131092 131120 131168 163844 229376 262336 262784 328192 393280 458752
1 7 28 896 32773 49153 57344 67072 68608 71680 77824 106496 131092 131120 163844 229376 262240 262336 262784 328192 393248 458752
1 7 28 896 32773 49153 57344 67072 68608 71680 77824 106496 131168 131264 131712 197120 229376 262164 262192 294916 393248 425984
1 7 28 896 32773 49153 57344 67072 68608 71680 77824 106496 131264 131712 197120 229376 262164 262192 262240 294916 393280 425984
1 7 28 896 32773 49153 57344 68608 71680 77824 106496 131092 131120 131168 131264 163844 229376 262784 263680 328704 393344 458752
1 7 28 896 32773 49153 57344 68608 71680 77824 106496 131092 131120 131168 163844 229376 262336 262784 263680 328704 393280 458752
1 7 28 896 32773 49153 57344 68608 71680 77824 106496 131264 131712 132608 197632 229376 262164 262192 262240 294916 393280 425984
1 7 28 896 32773 49153 57344 68608 71680 77824 106496 131712 132608 197632 229376 262164 262192 262240 262336 294916 393344 425984
1 7 28 896 32773 49153 57344 71680 77824 106496 131092 131120 131168 131264 163844 229376 262784 263680 265216 329728 393344 458752
1 7 28 896 32773 49153 57344 71680 77824 106496 131712 132608 134144 198656 229376 262164 262192 262240 262336 294916 393344 425984
1 7 28 896 32773 49153 71680 77824 90112 114688 131712 132608 134144 198656 229376 262164 262192 262240 262336 294916 393344 425984
1 7 28 896 32773 49153 71680 77824 90112 114688 131712 132608 134144 198656 262164 262192 262240 262336 294916 360448 393344 458752
1 7 28 1792 32773 32788 49153 68608 71680 77824 90112 114688 131456 132352 197632 229376 262192 262240 262336 294928 393344 425984
1 7 28 1792 32773 32788 49153 68608 71680 77824 90112 114688 131456 132352 197632 262192 262240 262336 294928 360448 393344 458752
1 7 28 1792 32773 32788 49153 71680 77824 90112 114688 132352 134144 198656 229376 262192 262240 262336 262528 294928 393472 425984
1 7 28 1792 32773 32788 49153 71680 77824 90112 114688 132352 134144 198656 262192 262240 262336 262528 294928 360448 393472 458752
1 7 28 1792 32773 32788 68608 71680 77824 81921 90112 98305 131120 131168 131264 163856 229376 262528 263424 328704 393344 458752
1 7 28 1792 32773 32788 68608 71680 77824 81921 90112 98305 131456 132352 197632 229376 262192 262240 262336 294928 393344 425984
1 7 28 1792 32773 32788 71680 77824 81921 90112 98305 131120 131168 131264 131456 163856 229376 263424 265216 329728 393472 458752
1 7 28 1792 32773 32788 71680 77824 81921 90112 98305 131120 131168 131264 163856 229376 262528 263424 265216 329728 393344 458752
1 7 28 1792 32773 32788 71680 77824 81921 90112 98305 131456 132352 134144 198656 229376 262192 262240 262336 294928 393344 425984
1 7 28 1792 32773 32788 71680 77824 81921 90112 98305 132352 134144 198656 229376 262192 262240 262336 262528 294928 393472 425984
1 7 28 1792 32773 32788 77824 81921 90112 98305 131120 131168 131264 131456 163856 229376 263424 265216 268288 331776 393472 458752
1 7 28 1792 32773 32788 77824 81921 90112 98305 132352 134144 137216 200704 229376 262192 262240 262336 262528 294928 393472 425984
1 7 28 1792 32773 45056 49153 57344 66816 68608 71680 102400 131168 131264 131456 196864 229376 262164 262192 294916 393248 425984
1 7 28 1792 32773 45056 49153 57344 66816 68608 71680 102400 131168 131264 131456 196864 262164 262192 294916 360448 393248 458752
1 7 28 1792 32773 49153 57344 68608 71680 77824 106496 131092 131120 131168 163844 229376 262336 262528 263424 328704 393280 458752
1 7 28 1792 32773 49153 57344 68608 71680 77824 106496 131264 131456 132352 197632 229376 262164 262192 262240 294916 393280 425984
1 7 28 1792 32773 49153 68608 71680 77824 90112 114688 131264 131456 132352 197632 229376 262164 262192 262240 294916 393280 425984
1 7 28 1792 32773 49153 68608 71680 77824 90112 114688 131264 131456 132352 197632 262164 262192 262240 294916 360448 393280 458752
1 7 28 32773 32788 32816 71680 77824 81921 90112 98305 131168 131264 131456 163872 229376 262912 263680 265216 329728 393472 458752
1 7 28 32773 32788 32816 71680 77824 81921 90112 98305 131840 132608 134144 198656 229376 262240 262336 262528 294944 393472 425984
1 7 28 32773 32788 32816 77824 81921 90112 98305 131168 131264 131456 131840 163872 229376 263680 265216 268288 331776 393728 458752
1 7 28 32773 32788 32816 77824 81921 90112 98305 132608 134144 137216 200704 229376 262240 262336 262528 262912 294944 393728 425984
1 7 28 32773 32788 68608 71680 77824 81921 90112 98305 131120 131168 131264 163856 229376 262528 262912 263680 328704 393344 458752
1 7 28 32773 32788 68608 71680 77824 81921 90112 98305 131456 131840 132608 197632 229376 262192 262240 262336 294928 393344 425984
2 7 28 32773 32788 71680 77824 81921 90112 98305 131120 131168 131264 131456 163856 229376 262912 263680 265216 329728 393472 458752
1 7 28 32773 32788 71680 77824 81921 90112 98305 131120 131168 131264 163856 229376 262528 262912 263680 265216 329728 393344 458752
1 7 28 32773 32788 71680 77824 81921 90112 98305 131456 131840 132608 134144 198656 229376 262192 262240 262336 294928 393344 425984
2 7 28 32773 32788 71680 77824 81921 90112 98305 131840 132608 134144 198656 229376 262192 262240 262336 262528 294928 393472 425984
1 7 28 32773 45056 49153 57344 66304 67072 68608 71680 102400 131168 131264 131456 196864 229376 262164 262192 294916 393248 425984
1 7 28 32773 45056 49153 57344 66304 67072 68608 71680 102400 131168 131264 131456 196864 262164 262192 294916 360448 393248 458752
1 7 28 32773 45056 49153 57344 66304 67072 68608 71680 102400 131264 131456 196864 229376 262164 262192 262240 294916 393280 425984
1 7 28 32773 45056 49153 57344 66304 67072 68608 71680 102400 131264 131456 196864 262164 262192 262240 294916 360448 393280 458752
1 7 28 32773 45056 49153 57344 67072 68608 71680 102400 131264 131456 131840 197120 229376 262164 262192 262240 294916 393280 425984
1 7 28 32773 45056 49153 57344 67072 68608 71680 102400 131264 131456 131840 197120 262164 262192 262240 294916 360448 393280 458752
1 7 28 32773 49153 57344 67072 68608 71680 77824 106496 131092 131120 131168 163844 229376 262336 262528 262912 328192 393280 458752
1 7 28 32773 49153 57344 67072 68608 71680 77824 106496 131092 131120 163844 229376 262240 262336 262528 262912 328192 393248 458752
1 7 28 32773 49153 57344 67072 68608 71680 77824 106496 131168 131264 131456 131840 197120 229376 262164 262192 294916 393248 425984
1 7 28 32773 49153 57344 67072 68608 71680 77824 106496 131264 131456 131840 197120 229376 262164 262192 262240 294916 393280 425984
1 7 56 896 14336 32773 32780 49153 57344 67072 68608 75776 106496 131112 131168 163848 229376 262336 262784 328192 393280 458752
1 7 56 896 14336 32773 32780 49153 57344 67072 68608 75776 106496 131264 131712 197120 229376 262184 262240 294920 393280 425984
1 7 56 896 14336 32773 32780 49153 57344 68608 75776 106496 131112 131168 131264 163848 229376 262784 263680 328704 393344 458752
1 7 56 896 14336 32773 32780 49153 57344 68608 75776 106496 131712 132608 197632 229376 262184 262240 262336 294920 393344 425984
1 7 56 896 14336 32773 32780 49153 75776 90112 114688 131712 132608 134144 198656 229376 262184 262240 262336 294920 393344 425984
1 7 56 896 14336 32773 32780 49153 75776 90112 114688 131712 132608 134144 198656 262184 262240 262336 294920 360448 393344 458752
1 7 56 896 14336 32773 32780 75776 81921 90112 98305 131112 131168 131264 163848 229376 262784 263680 265216 329728 393344 458752
1 7 56 896 14336 32773 32780 75776 81921 90112 98305 131712 132608 134144 198656 229376 262184 262240 262336 294920 393344 425984
1 7 56 896 32773 32780 32808 77824 81921 90112 98305 131168 131264 131712 163872 229376 263680 265216 268288 331776 393728 458752
1 7 56 896 32773 32780 32808 77824 81921 90112 98305 132608 134144 137216 200704 229376 262240 262336 262784 294944 393728 425984
1 7 56 896 32773 32780 49153 57344 67072 68608 71680 77824 106496 131112 131168 163848 229376 262336 262784 328192 393280 458752
1 7 56 896 32773 32780 49153 57344 67072 68608 71680 77824 106496 131264 131712 197120 229376 262184 262240 294920 393280 425984
1 7 56 896 32773 32780 49153 57344 68608 71680 77824 106496 131112 131168 131264 163848 229376 262784 263680 328704 393344 458752
1 7 56 896 32773 32780 49153 57344 68608 71680 77824 106496 131712 132608 197632 229376 262184 262240 262336 294920 393344 425984
1 7 56 896 32773 32780 49153 71680 77824 90112 114688 131712 132608 134144 198656 229376 262184 262240 262336 294920 393344 425984
1 7 56 896 32773 32780 49153 71680 77824 90112 114688 131712 132608 134144 198656 262184 262240 262336 294920 360448 393344 458752
1 7 56 896 32773 32780 71680 77824 81921 90112 98305 131112 131168 131264 163848 229376 262784 263680 265216 329728 393344 458752
1 7 56 896 32773 32780 71680 77824 81921 90112 98305 131712 132608 134144 198656 229376 262184 262240 262336 294920 393344 425984
1 7 56 896 32773 49153 57344 67072 68608 71680 77824 106496 131084 131112 131168 163844 229376 262336 262784 328192 393280 458752
1 7 56 896 32773 49153 57344 67072 68608 71680 77824 106496 131084 131112 163844 229376 262240 262336 262784 328192 393248 458752
1 7 56 896 32773 49153 57344 67072 68608 71680 77824 106496 131168 131264 131712 197120 229376 262156 262184 294916 393248 425984
1 7 56 896 32773 49153 57344 67072 68608 71680 77824 106496 131264 131712 197120 229376 262156 262184 262240 294916 393280 425984
1 7 56 896 32773 49153 57344 68608 71680 77824 106496 131084 131112 131168 131264 163844 229376 262784 263680 328704 393344 458752
1 7 56 896 32773 49153 57344 68608 71680 77824 106496 131712 132608 197632 229376 262156 262184 262240 262336 294916 393344 425984
1 7 56 896 32773 49153 71680 77824 90112 114688 131712 132608 134144 198656 229376 262156 262184 262240 262336 294916 393344 425984
1 7 56 896 32773 49153 71680 77824 90112 114688 131712 132608 134144 198656 262156 262184 262240 262336 294916 360448 393344 458752
1 7 56 1792 32773 32780 49153 68608 71680 77824 90112 114688 131264 131456 132352 197632 229376 262184 262240 294920 393280 425984
1 7 56 1792 32773 32780 49153 68608 71680 77824 90112 114688 131264 131456 132352 197632 262184 262240 294920 360448 393280 458752
1 7 56 1792 32773 32780 49153 71680 77824 90112 114688 131456 132352 134144 198656 229376 262184 262240 262336 294920 393344 425984
1 7 56 1792 32773 32780 49153 71680 77824 90112 114688 131456 132352 134144 198656 262184 262240 262336 294920 360448 393344 458752
1 7 56 1792 32773 49153 68608 71680 77824 90112 114688 131264 131456 132352 197632 229376 262156 262184 262240 294916 393280 425984
1 7 56 1792 32773 49153 68608 71680 77824 90112 114688 131264 131456 132352 197632 262156 262184 262240 294916 360448 393280 458752
2 7 56 3584 32773 32780 32808 71680 77824 81921 90112 98305 131168 131264 131456 131840 163872 229376 264704 329728 393728 458752
1 7 56 3584 32773 32780 32808 71680 77824 81921 90112 98305 131168 131264 131456 163872 229376 262912 264704 329728 393472 458752
1 7 56 3584 32773 32780 32808 71680 77824 81921 90112 98305 131840 133632 198656 229376 262240 262336 262528 294944 393472 425984
2 7 56 3584 32773 32780 32808 71680 77824 81921 90112 98305 133632 198656 229376 262240 262336 262528 262912 294944 393728 425984
1 7 56 3584 32773 32780 49153 57344 68096 71680 77824 106496 131112 131168 163848 229376 262336 262528 262912 328192 393280 458752
1 7 56 3584 32773 32780 49153 57344 68096 71680 77824 106496 131264 131456 131840 197120 229376 262184 262240 294920 393280 425984
1 7 56 3584 32773 32780 49153 71680 77824 90112 114688 131456 131840 133632 198656 229376 262184 262240 262336 294920 393344 425984
1 7 56 3584 32773 32780 49153 71680 77824 90112 114688 131456 131840 133632 198656 262184 262240 262336 294920 360448 393344 458752
1 7 56 3584 32773 32780 71680 77824 81921 90112 98305 131112 131168 131264 163848 229376 262528 262912 264704 329728 393344 458752
1 7 56 3584 32773 32780 71680 77824 81921 90112 98305 131456 131840 133632 198656 229376 262184 262240 262336 294920 393344 425984
2 7 56 32773 32780 32808 71680 77824 81921 90112 98305 131168 131264 131456 131840 163872 229376 263680 265216 329728 393728 458752
1 7 56 32773 32780 32808 71680 77824 81921 90112 98305 131168 131264 131456 163872 229376 262912 263680 265216 329728 393472 458752
1 7 56 32773 32780 32808 71680 77824 81921 90112 98305 131840 132608 134144 198656 229376 262240 262336 262528 294944 393472 425984
2 7 56 32773 32780 32808 71680 77824 81921 90112 98305 132608 134144 198656 229376 262240 262336 262528 262912 294944 393728 425984
1 7 56 32773 32780 49153 57344 67072 68608 71680 77824 106496 131112 131168 163848 229376 262336 262528 262912 328192 393280 458752
1 7 56 32773 32780 49153 57344 67072 68608 71680 77824 106496 131264 131456 131840 197120 229376 262184 262240 294920 393280 425984
1 7 56 32773 32780 49153 57344 68608 71680 77824 106496 131112 131168 131264 163848 229376 262528 262912 263680 328704 393344 458752
1 7 56 32773 32780 49153 57344 68608 71680 77824 106496 131456 131840 132608 197632 229376 262184 262240 262336 294920 393344 425984
1 7 56 32773 32780 49153 68608 71680 77824 90112 114688 131264 131456 131840 132608 197632 229376 262184 262240 294920 393280 425984
1 7 56 32773 32780 49153 68608 71680 77824 90112 114688 131264 131456 131840 132608 197632 262184 262240 294920 360448 393280 458752
1 7 56 32773 32780 49153 71680 77824 90112 114688 131456 131840 132608 134144 198656 229376 262184 262240 262336 294920 393344 425984
1 7 56 32773 32780 49153 71680 77824 90112 114688 131456 131840 132608 134144 198656 262184 262240 262336 294920 360448 393344 458752
1 7 56 32773 32780 71680 77824 81921 90112 98305 131112 131168 131264 163848 229376 262528 262912 263680 265216 329728 393344 458752
1 7 56 32773 32780 71680 77824 81921 90112 98305 131456 131840 132608 134144 198656 229376 262184 262240 262336 294920 393344 425984
1 7 112 1792 32773 32780 32792 49153 68608 71680 77824 90112 114688 131456 132352 197632 229376 262224 262336 294928 393344 425984
1 7 112 1792 32773 32780 32792 49153 68608 71680 77824 90112 114688 131456 132352 197632 262224 262336 294928 360448 393344 458752
1 7 112 1792 32773 32780 32792 49153 71680 77824 90112 114688 132352 134144 198656 229376 262224 262336 262528 294928 393472 425984
1 7 112 1792 32773 32780 32792 49153 71680 77824 90112 114688 132352 134144 198656 262224 262336 262528 294928 360448 393472 458752
1 7 112 1792 32773 32780 32792 68608 71680 77824 81921 90112 98305 131152 131264 163856 229376 262528 263424 328704 393344 458752
2 7 112 1792 32773 32780 32792 68608 71680 77824 81921 90112 98305 131152 163856 229376 262336 262528 263424 328704 393280 458752
2 7 112 1792 32773 32780 32792 68608 71680 77824 81921 90112 98305 131264 131456 132352 197632 229376 262224 294928 393280 425984
1 7 112 1792 32773 32780 32792 68608 71680 77824 81921 90112 98305 131456 132352 197632 229376 262224 262336 294928 393344 425984
1 7 112 1792 32773 32780 32792 71680 77824 81921 90112 98305 131152 131264 131456 163856 229376 263424 265216 329728 393472 458752
1 7 112 1792 32773 32780 32792 71680 77824 81921 90112 98305 131152 131264 163856 229376 262528 263424 265216 329728 393344 458752
1 7 112 1792 32773 32780 32792 71680 77824 81921 90112 98305 131456 132352 134144 198656 229376 262224 262336 294928 393344 425984
1 7 112 1792 32773 32780 32792 71680 77824 81921 90112 98305 132352 134144 198656 229376 262224 262336 262528 294928 393472 425984
1 7 112 1792 32773 32780 32792 77824 81921 90112 98305 131152 131264 131456 163856 229376 263424 265216 268288 331776 393472 458752
1 7 112 1792 32773 32780 32792 77824 81921 90112 98305 132352 134144 137216 200704 229376 262224 262336 262528 294928 393472 425984
1 7 112 3584 32773 32780 32792 71680 77824 81921 90112 98305 131152 131264 131456 163856 229376 262912 264704 329728 393472 458752
1 7 112 3584 32773 32780 32792 71680 77824 81921 90112 98305 131152 131264 163856 229376 262528 262912 264704 329728 393344 458752
1 7 112 3584 32773 32780 32792 71680 77824 81921 90112 98305 131456 131840 133632 198656 229376 262224 262336 294928 393344 425984
1 7 112 3584 32773 32780 32792 71680 77824 81921 90112 98305 131840 133632 198656 229376 262224 262336 262528 294928 393472 425984
1 7 112 3584 32773 32780 32792 77824 81921 90112 98305 131152 131264 131456 131840 163856 229376 264704 268288 331776 393728 458752
1 7 112 3584 32773 32780 32792 77824 81921 90112 98305 131152 131264 131456 163856 229376 262912 264704 268288 331776 393472 458752
1 7 112 3584 32773 32780 32792 77824 81921 90112 98305 131840 133632 137216 200704 229376 262224 262336 262528 294928 393472 425984
1 7 112 3584 32773 32780 32792 77824 81921 90112 98305 133632 137216 200704 229376 262224 262336 262528 262912 294928 393728 425984
1 7 112 3584 32773 32780 71680 77824 81921 90112 98305 131096 131152 131264 163848 229376 262528 262912 264704 329728 393344 458752
1 7 112 3584 32773 32780 71680 77824 81921 90112 98305 131096 131152 163848 229376 262336 262528 262912 264704 329728 393280 458752
1 7 112 3584 32773 32780 71680 77824 81921 90112 98305 131264 131456 131840 133632 198656 229376 262168 262224 294920 393280 425984
1 7 112 3584 32773 32780 71680 77824 81921 90112 98305 131456 131840 133632 198656 229376 262168 262224 262336 294920 393344 425984
1 7 112 3584 32773 49153 57344 68096 71680 77824 106496 131084 131096 131152 163844 229376 262336 262528 262912 328192 393280 458752
1 7 112 3584 32773 49153 57344 68096 71680 77824 106496 131264 131456 131840 197120 229376 262156 262168 262224 294916 393280 425984
1 7 112 3584 32773 49153 71680 77824 90112 114688 131264 131456 131840 133632 198656 229376 262156 262168 262224 294916 393280 425984
1 7 112 3584 32773 49153 71680 77824 90112 114688 131264 131456 131840 133632 198656 262156 262168 262224 294916 360448 393280 458752
1 7 112 3584 32773 49153 71680 77824 90112 114688 131456 131840 133632 198656 229376 262156 262168 262224 262336 294916 393344 425984
1 7 112 3584 32773 49153 71680 77824 90112 114688 131456 131840 133632 198656 262156 262168 262224 262336 294916 360448 393344 458752
1 7 112 3584 32773 71680 77824 81921 90112 98305 131084 131096 131152 163844 229376 262336 262528 262912 264704 329728 393280 458752
1 7 112 3584 32773 71680 77824 81921 90112 98305 131264 131456 131840 133632 198656 229376 262156 262168 262224 294916 393280 425984
1 7 112 32773 32780 32792 49153 68608 71680 77824 90112 114688 131456 131840 132608 197632 229376 262224 262336 294928 393344 425984
1 7 112 32773 32780 32792 49153 68608 71680 77824 90112 114688 131456 131840 132608 197632 262224 262336 294928 360448 393344 458752
1 7 112 32773 32780 32792 49153 71680 77824 90112 114688 131840 132608 134144 198656 229376 262224 262336 262528 294928 393472 425984
1 7 112 32773 32780 32792 49153 71680 77824 90112 114688 131840 132608 134144 198656 262224 262336 262528 294928 360448 393472 458752
1 7 112 32773 32780 32792 68608 71680 77824 81921 90112 98305 131152 131264 163856 229376 262528 262912 263680 328704 393344 458752
1 7 112 32773 32780 32792 68608 71680 77824 81921 90112 98305 131152 163856 229376 262336 262528 262912 263680 328704 393280 458752
1 7 112 32773 32780 32792 68608 71680 77824 81921 90112 98305 131264 131456 131840 132608 197632 229376 262224 294928 393280 425984
1 7 112 32773 32780 32792 68608 71680 77824 81921 90112 98305 131456 131840 132608 197632 229376 262224 262336 294928 393344 425984
1 7 112 32773 32780 32792 71680 77824 81921 90112 98305 131152 131264 131456 163856 229376 262912 263680 265216 329728 393472 458752
1 7 112 32773 32780 32792 71680 77824 81921 90112 98305 131152 131264 163856 229376 262528 262912 263680 265216 329728 393344 458752
1 7 112 32773 32780 32792 71680 77824 81921 90112 98305 131456 131840 132608 134144 198656 229376 262224 262336 294928 393344 425984
1 7 112 32773 32780 32792 71680 77824 81921 90112 98305 131840 132608 134144 198656 229376 262224 262336 262528 294928 393472 425984
1 7 112 32773 32780 32792 77824 81921 90112 98305 131152 131264 131456 131840 163856 229376 263680 265216 268288 331776 393728 458752
1 7 112 32773 32780 32792 77824 81921 90112 98305 131152 131264 131456 163856 229376 262912 263680 265216 268288 331776 393472 458752
1 7 112 32773 32780 32792 77824 81921 90112 98305 131840 132608 134144 137216 200704 229376 262224 262336 262528 294928 393472 425984
1 7 112 32773 32780 32792 77824 81921 90112 98305 132608 134144 137216 200704 229376 262224 262336 262528 262912 294928 393728 425984
1 7 112 32773 32780 49153 68608 71680 77824 90112 114688 131264 131456 131840 132608 197632 229376 262168 262224 294920 393280 425984
1 7 112 32773 32780 49153 68608 71680 77824 90112 114688 131264 131456 131840 132608 197632 262168 262224 294920 360448 393280 458752
1 7 112 32773 32780 68608 71680 77824 81921 90112 98305 131096 131152 163848 229376 262336 262528 262912 263680 328704 393280 458752
1 7 112 32773 32780 68608 71680 77824 81921 90112 98305 131264 131456 131840 132608 197632 229376 262168 262224 294920 393280 425984
1 7 224 32773 32780 32792 32816 71680 77824 81921 90112 98305 131232 131456 131840 163872 229376 263680 265216 329728 393728 458752
1 7 224 32773 32780 32792 32816 71680 77824 81921 90112 98305 131232 131456 163872 229376 262912 263680 265216 329728 393472 458752
1 7 224 32773 32780 32792 32816 71680 77824 81921 90112 98305 131840 132608 134144 198656 229376 262304 262528 294944 393472 425984
1 7 224 32773 32780 32792 32816 71680 77824 81921 90112 98305 132608 134144 198656 229376 262304 262528 262912 294944 393728 425984
1 7 224 32773 32780 32792 32816 77824 81921 90112 98305 131232 131456 131840 163872 229376 263680 265216 268288 331776 393728 458752
1 7 224 32773 32780 32792 32816 77824 81921 90112 98305 132608 134144 137216 200704 229376 262304 262528 262912 294944 393728 425984
1 7 224 32773 32780 32792 71680 77824 81921 90112 98305 131120 131232 131456 163856 229376 262912 263680 265216 329728 393472 458752
1 7 224 32773 32780 32792 71680 77824 81921 90112 98305 131120 131232 163856 229376 262528 262912 263680 265216 329728 393344 458752
1 7 224 32773 32780 32792 71680 77824 81921 90112 98305 131456 131840 132608 134144 198656 229376 262192 262304 294928 393344 425984
1 7 224 32773 32780 32792 71680 77824 81921 90112 98305 131840 132608 134144 198656 229376 262192 262304 262528 294928 393472 425984
1 7 224 32773 32780 32792 77824 81921 90112 98305 131120 131232 131456 131840 163856 229376 263680 265216 268288 331776 393728 458752
1 7 224 32773 32780 32792 77824 81921 90112 98305 132608 134144 137216 200704 229376 262192 262304 262528 262912 294928 393728 425984
2 7 224 32773 49153 57344 67072 68608 71680 77824 106496 131084 131096 131120 163844 229376 262304 262528 262912 328192 393248 458752
2 7 224 32773 49153 57344 67072 68608 71680 77824 106496 131232 131456 131840 197120 229376 262156 262168 262192 294916 393248 425984
1 7 448 32773 32780 32792 49153 71680 77824 90112 114688 131840 132608 134144 198656 229376 262192 262240 262464 294928 393472 425984
1 7 448 32773 32780 32792 49153 71680 77824 90112 114688 131840 132608 134144 198656 262192 262240 262464 294928 360448 393472 458752
1 7 448 32773 32780 32792 71680 77824 81921 90112 98305 131120 131168 131392 163856 229376 262912 263680 265216 329728 393472 458752
1 7 448 32773 32780 32792 71680 77824 81921 90112 98305 131840 132608 134144 198656 229376 262192 262240 262464 294928 393472 425984
1 7 448 32773 32780 49153 68608 71680 77824 90112 114688 131392 131840 132608 197632 229376 262168 262192 262240 294920 393280 425984
1 7 448 32773 32780 49153 68608 71680 77824 90112 114688 131392 131840 132608 197632 262168 262192 262240 294920 360448 393280 458752
1 7 448 32773 32780 68608 71680 77824 81921 90112 98305 131096 131120 131168 163848 229376 262464 262912 263680 328704 393280 458752
1 7 448 32773 32780 68608 71680 77824 81921 90112 98305 131392 131840 132608 197632 229376 262168 262192 262240 294920 393280 425984
1 7 448 32773 32780 71680 77824 81921 90112 98305 131096 131120 131168 163848 229376 262464 262912 263680 265216 329728 393280 458752
1 7 448 32773 32780 71680 77824 81921 90112 98305 131392 131840 132608 134144 198656 229376 262168 262192 262240 294920 393280 425984
1 7 448 32773 45056 49153 57344 66304 67072 68608 71680 102400 131392 196864 229376 262156 262168 262192 262240 294916 393280 425984
1 7 448 32773 45056 49153 57344 66304 67072 68608 71680 102400 131392 196864 262156 262168 262192 262240 294916 360448 393280 458752
1 7 448 32773 45056 49153 57344 67072 68608 71680 102400 131392 131840 197120 229376 262156 262168 262192 262240 294916 393280 425984
1 7 448 32773 45056 49153 57344 67072 68608 71680 102400 131392 131840 197120 262156 262168 262192 262240 294916 360448 393280 458752
1 7 448 32773 49153 57344 67072 68608 71680 77824 106496 131084 131096 131120 131168 163844 229376 262464 262912 328192 393280 458752
1 7 448 32773 49153 57344 67072 68608 71680 77824 106496 131392 131840 197120 229376 262156 262168 262192 262240 294916 393280 425984
2 7 448 32773 49153 57344 68608 71680 77824 106496 131084 131096 131120 131168 163844 229376 262464 262912 263680 328704 393280 458752
2 7 448 32773 49153 57344 68608 71680 77824 106496 131392 131840 132608 197632 229376 262156 262168 262192 262240 294916 393280 425984
1 7 896 32773 32780 32792 32816 77824 81921 90112 98305 131168 131264 131712 163872 229376 263680 265216 268288 331776 393728 458752
1 7 896 32773 32780 32792 32816 77824 81921 90112 98305 132608 134144 137216 200704 229376 262240 262336 262784 294944 393728 425984
1 7 896 32773 32780 32792 71680 77824 81921 90112 98305 131120 131168 131264 163856 229376 262784 263680 265216 329728 393344 458752
1 7 896 32773 32780 32792 71680 77824 81921 90112 98305 131712 132608 134144 198656 229376 262192 262240 262336 294928 393344 425984
1 7 896 32773 32780 49153 57344 67072 68608 71680 77824 106496 131096 131120 131168 163848 229376 262336 262784 328192 393280 458752
1 7 896 32773 32780 49153 57344 67072 68608 71680 77824 106496 131264 131712 197120 229376 262168 262192 262240 294920 393280 425984
1 7 896 32773 32780 49153 57344 68608 71680 77824 106496 131096 131120 131168 131264 163848 229376 262784 263680 328704 393344 458752
1 7 896 32773 32780 49153 57344 68608 71680 77824 106496 131712 132608 197632 229376 262168 262192 262240 262336 294920 393344 425984
2 7 896 32773 32780 49153 68608 71680 77824 90112 114688 131264 131712 132608 197632 229376 262168 262192 262240 294920 393280 425984
2 7 896 32773 32780 49153 68608 71680 77824 90112 114688 131264 131712 132608 197632 262168 262192 262240 294920 360448 393280 458752
1 7 896 32773 32780 49153 71680 77824 90112 114688 131712 132608 134144 198656 229376 262168 262192 262240 262336 294920 393344 425984
1 7 896 32773 32780 49153 71680 77824 90112 114688 131712 132608 134144 198656 262168 262192 262240 262336 294920 360448 393344 458752
1 7 896 32773 32780 71680 77824 81921 90112 98305 131096 131120 131168 131264 163848 229376 262784 263680 265216 329728 393344 458752
1 7 896 32773 32780 71680 77824 81921 90112 98305 131712 132608 134144 198656 229376 262168 262192 262240 262336 294920 393344 425984
1 7 896 32773 49153 57344 68608 71680 77824 106496 131084 131096 131120 131168 131264 163844 229376 262784 263680 328704 393344 458752
1 7 896 32773 49153 57344 68608 71680 77824 106496 131712 132608 197632 229376 262156 262168 262192 262240 262336 294916 393344 425984
2 7 896 32773 49153 57344 71680 77824 106496 131084 131096 131120 131168 131264 163844 229376 262784 263680 265216 329728 393344 458752
2 7 896 32773 49153 57344 71680 77824 106496 131712 132608 134144 198656 229376 262156 262168 262192 262240 262336 294916 393344 425984
1 7 32773 32780 32792 32816 71680 77824 81921 90112 98305 131168 131264 131456 131840 163872 229376 263680 265216 329728 393728 458752
1 7 32773 32780 32792 32816 71680 77824 81921 90112 98305 131168 131264 131456 163872 229376 262912 263680 265216 329728 393472 458752
1 7 32773 32780 32792 32816 71680 77824 81921 90112 98305 131840 132608 134144 198656 229376 262240 262336 262528 294944 393472 425984
1 7 32773 32780 32792 32816 71680 77824 81921 90112 98305 132608 134144 198656 229376 262240 262336 262528 262912 294944 393728 425984
1 7 32773 32780 32792 32816 77824 81921 90112 98305 131168 131264 131456 131840 163872 229376 263680 265216 268288 331776 393728 458752
1 7 32773 32780 32792 32816 77824 81921 90112 98305 132608 134144 137216 200704 229376 262240 262336 262528 262912 294944 393728 425984
1 7 32773 32780 32792 49153 68608 71680 77824 90112 114688 131456 131840 132608 197632 229376 262192 262240 262336 294928 393344 425984
1 7 32773 32780 32792 49153 68608 71680 77824 90112 114688 131456 131840 132608 197632 262192 262240 262336 294928 360448 393344 458752
1 7 32773 32780 32792 49153 71680 77824 90112 114688 131840 132608 134144 198656 229376 262192 262240 262336 262528 294928 393472 425984
1 7 32773 32780 32792 49153 71680 77824 90112 114688 131840 132608 134144 198656 262192 262240 262336 262528 294928 360448 393472 458752
1 7 32773 32780 32792 68608 71680 77824 81921 90112 98305 131120 131168 131264 163856 229376 262528 262912 263680 328704 393344 458752
1 7 32773 32780 32792 68608 71680 77824 81921 90112 98305 131120 131168 163856 229376 262336 262528 262912 263680 328704 393280 458752
1 7 32773 32780 32792 68608 71680 77824 81921 90112 98305 131264 131456 131840 132608 197632 229376 262192 262240 294928 393280 425984
1 7 32773 32780 32792 68608 71680 77824 81921 90112 98305 131456 131840 132608 197632 229376 262192 262240 262336 294928 393344 425984
1 7 32773 32780 32792 71680 77824 81921 90112 98305 131120 131168 131264 131456 163856 229376 262912 263680 265216 329728 393472 458752
1 7 32773 32780 32792 71680 77824 81921 90112 98305 131120 131168 131264 163856 229376 262528 262912 263680 265216 329728 393344 458752
1 7 32773 32780 32792 71680 77824 81921 90112 98305 131456 131840 132608 134144 198656 229376 262192 262240 262336 294928 393344 425984
1 7 32773 32780 32792 71680 77824 81921 90112 98305 131840 132608 134144 198656 229376 262192 262240 262336 262528 294928 393472 425984
1 7 32773 32780 32792 77824 81921 90112 98305 131120 131168 131264 131456 131840 163856 229376 263680 265216 268288 331776 393728 458752
1 7 32773 32780 32792 77824 81921 90112 98305 131120 131168 131264 131456 163856 229376 262912 263680 265216 268288 331776 393472 458752
1 7 32773 32780 32792 77824 81921 90112 98305 131840 132608 134144 137216 200704 229376 262192 262240 262336 262528 294928 393472 425984
1 7 32773 32780 32792 77824 81921 90112 98305 132608 134144 137216 200704 229376 262192 262240 262336 262528 262912 294928 393728 425984
1 7 32773 32780 49153 68608 71680 77824 90112 114688 131264 131456 131840 132608 197632 229376 262168 262192 262240 294920 393280 425984
1 7 32773 32780 49153 68608 71680 77824 90112 114688 131264 131456 131840 132608 197632 262168 262192 262240 294920 360448 393280 458752
1 7 32773 32780 68608 71680 77824 81921 90112 98305 131096 131120 131168 163848 229376 262336 262528 262912 263680 328704 393280 458752
1 7 32773 32780 68608 71680 77824 81921 90112 98305 131264 131456 131840 132608 197632 229376 262168 262192 262240 294920 393280 425984
1 7 32773 32780 71680 77824 81921 90112 98305 131096 131120 131168 131264 163848 229376 262528 262912 263680 265216 329728 393344 458752
1 7 32773 32780 71680 77824 81921 90112 98305 131096 131120 131168 163848 229376 262336 262528 262912 263680 265216 329728 393280 458752
1 7 32773 32780 71680 77824 81921 90112 98305 131264 131456 131840 132608 134144 198656 229376 262168 262192 262240 294920 393280 425984
1 7 32773 32780 71680 77824 81921 90112 98305 131456 131840 132608 134144 198656 229376 262168 262192 262240 262336 294920 393344 425984
2 7 32773 71680 77824 81921 90112 98305 131084 131096 131120 131168 163844 229376 262336 262528 262912 263680 265216 329728 393280 458752
2 7 32773 71680 77824 81921 90112 98305 131264 131456 131840 132608 134144 198656 229376 262156 262168 262192 262240 294916 393280 425984
1 32771 32774 32780 32792 32816 65632 65728 65920 66304 98336 132608 134144 137216 197120 229376 274432 278529 286720 294913 397312 425984
2 32771 32774 32780 32792 32816 65632 65728 65920 66304 98336 132608 134144 197120 229376 268288 274432 278529 286720 294913 395264 425984
2 32771 32774 32780 32792 32816 65632 65728 65920 66304 98336 137216 143360 147457 155648 163841 229376 263680 265216 328192 395264 458752
1 32771 32774 32780 32792 32816 65632 65728 65920 66304 98336 143360 147457 155648 163841 229376 263680 265216 268288 328192 397312 458752
2 32771 32774 32780 32792 65584 65632 65728 65920 98320 131840 132608 134144 137216 196864 229376 274432 278529 286720 294913 397312 425984
2 32771 32774 32780 32792 65584 65632 65728 65920 98320 131840 132608 134144 137216 196864 274432 278529 286720 294913 360448 397312 458752
